#
#   Running algorithm eNSGAII on 10000000 nfe, with population size of 50.0, with epsilon values [10000.0, 100000.0, 0.1, 0.00001], with pm set to 0.02, 20.0, with injection rate of 0.25, with sbx set to 1.0, 15.0, with 81 controls varying between -199.0 and 199.0 for cell (6,6).
148 24 -74 82 -139 -98 55 145 18 -92 -28 -74 128 -96 -21 160 159 116 58 91 45 54 -105 93 -94 -87 -125 -51 -78 -67 -96 -165 4 44 -2 -69 7 21 49 39 180 -130 -82 -82 -112 -104 -107 -110 -66 111 108 143 -3 -70 -96 -92 -145 58 -109 101 13 -86 -115 -76 183 -73 43 -77 151 -72 158 130 154 27 -116 53 -117 55 -138 129 0 6837504.114203349 7170352.34976822 2.1926224596459913E-4 0.0 
147 23 -73 83 -141 -98 56 145 17 -92 -28 -74 128 -96 -21 160 159 125 58 91 45 72 -105 93 -94 -87 -146 -51 -78 -67 -96 -163 4 54 -10 -116 8 21 49 39 169 -129 -82 -82 -112 -103 -109 -111 -66 111 108 143 -3 -63 -96 -94 -145 58 -109 104 13 -86 -114 -76 184 -73 43 -77 150 -72 158 130 153 30 -116 53 -117 57 -138 129 0 6888750.224036603 6969231.035083124 2.23304703739615E-4 0.0 
146 21 -117 133 -83 137 -144 141 10 -84 -34 -117 168 -126 58 11 145 140 84 97 57 71 -139 99 -169 -82 -80 -42 -110 -196 -197 -198 86 39 35 70 85 105 66 34 182 -185 -94 -128 -105 -42 -106 -180 -82 -180 106 131 149 103 121 3 -76 51 -158 134 6 -165 -109 -88 121 -175 33 -70 152 12 116 127 121 6 -107 119 -114 121 -94 131 1 5559158.492629097 2.113360642114027E7 550.7319105333984 0.0 
148 21 -116 132 -60 140 -143 141 10 -84 -34 -117 146 -121 58 10 140 140 84 97 58 71 -139 95 -161 -82 -81 -42 -108 -195 -172 -198 40 28 38 70 85 105 66 34 189 -177 -79 -128 -105 -42 -100 -180 -82 -180 106 131 118 111 113 3 -77 52 -157 -27 10 -172 -109 -89 121 -170 32 -70 152 11 119 126 121 26 -109 119 -112 132 -87 131 4 5607939.253568767 2.2557197644990616E7 10.383132065221618 0.0 
142 21 -116 129 -135 108 -144 141 10 -77 -34 -117 173 -119 58 9 145 140 84 97 57 71 -139 99 -183 -81 -81 -42 -110 -194 -197 -198 82 41 35 69 84 105 66 34 182 -182 -76 -128 -105 -42 -106 -180 -83 -188 106 131 151 103 114 3 -75 49 -109 134 6 -165 -109 -90 121 -147 32 -69 152 12 128 126 121 7 -106 123 -142 136 -148 131 1 5609610.538620341 1.879863137511114E7 777.6496715284397 0.0 
147 24 -73 73 -140 -98 56 145 18 -90 -28 -74 128 -94 -20 160 159 114 58 91 45 55 -105 94 -93 -87 -184 -51 -78 -67 -96 -163 -1 48 44 -52 6 21 50 38 180 -130 -82 -82 -112 -104 -107 -111 -66 111 108 143 -3 -66 -96 -92 -145 58 -109 102 17 -85 -114 -76 186 -75 43 -77 186 -70 153 130 154 30 -116 59 -117 55 -138 129 4 6777629.333816148 7371011.816991821 2.442640318522963E-4 0.0 
145 23 -73 72 -139 114 -148 140 11 -91 -31 -129 135 -114 116 -25 148 137 86 80 36 79 -105 94 -93 -89 -139 -114 -108 -68 -72 -174 5 47 41 73 8 23 49 39 184 -131 -78 -84 -119 -103 -105 -124 -88 -181 109 136 125 48 40 -3 -146 44 -110 124 11 -86 -133 -77 158 -74 43 -75 158 -39 129 129 145 30 -116 53 -116 80 -134 130 1 6158804.932390479 1.0099393079852456E7 404.5560171468592 0.0 
147 21 -116 130 -82 137 -143 141 10 -80 -34 -117 173 -126 58 11 144 140 84 97 57 71 -139 99 -167 -82 -81 -42 -110 -196 -196 -198 87 41 36 70 85 102 66 30 182 -185 -92 -128 -105 -42 -106 -175 -82 -180 107 131 150 105 125 3 -75 51 -152 134 5 -165 -109 -91 121 -175 33 -70 152 12 119 127 121 7 -107 119 -140 122 -91 131 1 5567908.2304169275 2.0566531056268625E7 333.5178891582438 0.0 
145 21 -116 132 -134 109 -142 141 10 -84 -34 -117 172 -125 58 -5 145 140 84 94 62 70 -139 99 -176 -83 -80 -42 -108 -194 -196 -198 83 34 35 69 84 105 67 34 183 -186 -88 -128 -105 -42 -106 -180 -83 -189 106 131 161 103 122 3 -78 49 -109 134 6 -163 -109 -91 121 -143 32 -69 152 12 129 126 121 7 -107 123 -137 136 -148 131 0 5598846.91359563 1.904759681659742E7 682.2897036095152 0.0 
147 24 -66 88 -140 -98 55 145 18 -90 -72 -82 128 -95 -21 160 159 120 58 91 45 57 -106 95 -93 -88 -181 -51 -78 -67 -96 -165 -1 46 35 -53 8 21 51 38 183 -129 -82 -81 -112 -102 -107 -111 -68 111 108 143 -3 -67 -96 -92 -145 58 -109 102 8 -85 -114 -76 186 -73 43 -77 152 -72 155 130 154 29 -116 59 -117 55 -137 129 3 6795044.564404907 7278427.384709923 31.484530115081984 0.0 
146 21 -75 87 -141 114 -137 140 10 -89 -31 -75 134 -115 89 -38 149 117 77 90 33 102 -105 57 -98 -79 -124 -113 -110 -73 -79 -160 -2 46 43 74 7 26 53 38 175 -131 -81 -88 -110 -103 -101 -70 -73 -161 113 134 126 56 -95 -88 -145 57 -110 104 13 -86 -135 26 146 -71 43 -77 155 -76 158 129 143 29 -116 52 -116 53 -138 130 0 6319002.199329163 8879906.850571968 2.5588488268937315E-4 0.0 
146 22 -76 89 -133 113 -136 140 11 -94 -31 -85 135 -113 86 -29 133 104 76 82 38 103 -105 55 -98 -85 -123 -113 -108 -67 -95 -159 18 73 42 72 -58 23 50 39 179 -117 -83 -88 -109 -103 -101 -111 -64 119 114 136 -28 -65 -95 -92 -145 56 -110 97 14 -87 -113 22 130 -73 43 -77 154 -75 154 128 142 29 -114 51 -116 53 -136 130 1 6629374.221712538 7579103.7831743155 2.308157177636949E-4 0.0 
145 23 -73 92 -139 114 -148 140 11 -92 -31 -129 135 -114 116 -25 148 136 86 80 36 79 -104 95 -93 -88 -139 -114 -108 -68 -72 -173 5 54 41 71 8 23 49 39 184 -131 -78 -84 -120 -103 -105 -124 -87 -181 109 136 125 48 40 -3 -146 44 -110 124 11 -86 -133 -77 158 -74 43 -78 158 -35 129 129 145 30 -116 53 -116 80 -134 130 1 6169712.805329367 9998404.996783301 80.44049643933079 0.0 
142 21 -116 131 -114 108 -144 141 10 -83 -34 -117 173 -124 59 8 145 140 84 97 59 70 -139 100 -168 -82 -81 -42 -110 -194 -196 -198 82 41 37 70 84 106 66 35 182 -192 -92 -128 -105 -42 -106 -183 -82 -189 106 131 148 103 114 1 -78 50 -109 134 5 -166 -109 -90 121 -144 32 -69 153 12 127 126 121 7 -107 123 -142 136 -148 131 1 5567008.886484308 2.0003737909198307E7 446.4459400913883 0.0 
145 21 -116 130 -116 109 -144 141 10 -83 -34 -117 172 -116 58 9 145 140 84 97 57 71 -139 100 -168 -81 -81 -42 -110 -195 -196 -198 82 41 35 69 84 100 67 35 183 -186 -90 -127 -105 -42 -106 -180 -83 -189 106 131 150 104 122 1 -77 49 -109 134 6 -166 -109 -91 121 -144 31 -69 153 12 127 127 121 7 -107 124 -142 136 -148 131 1 5588290.306708676 1.9312793142057434E7 416.23962919318745 0.0 
143 21 -116 130 -135 114 -144 141 10 -77 -34 -117 176 -127 58 15 141 140 84 98 57 70 -139 99 -177 -82 -81 -42 -110 -195 -196 -197 83 39 35 70 84 106 67 35 183 -189 -88 -128 -105 -42 -106 -180 -83 -189 106 131 146 59 121 8 -75 53 -116 134 5 -163 -109 -89 121 -143 32 -78 153 12 130 127 121 7 -107 124 -137 137 -148 131 1 5728943.766878762 1.6589488839612229E7 467.64672684890866 0.0 
145 21 -116 132 -116 109 -143 141 10 -84 -34 -117 171 -125 58 9 145 140 84 97 59 71 -139 100 -176 -81 -81 -42 -108 -194 -196 -198 83 34 37 70 84 105 66 34 183 -186 -90 -128 -105 -42 -106 -180 -83 -189 106 131 148 103 121 3 -77 52 -109 134 5 -165 -109 -91 121 -143 32 -69 152 12 130 126 121 7 -106 123 -141 136 -148 131 1 5578919.307395598 1.969403025320274E7 219.23587365132065 0.0 
146 22 -75 89 -131 114 -136 140 11 -90 -32 -75 135 -115 90 -38 148 141 80 75 39 100 -106 52 -98 -80 -138 -116 -108 -68 -96 -165 5 46 35 69 7 23 45 39 181 -131 -81 -89 -110 -103 -102 -109 -74 101 108 134 129 65 -95 -87 -145 57 -110 105 13 -87 -135 23 131 -73 45 -77 155 -75 132 128 143 30 -115 51 -116 50 -137 130 1 6338208.521240714 8741065.219347605 121.41307038677047 0.0 
143 21 -116 130 -116 108 -144 141 10 -83 -34 -117 173 -116 59 8 145 140 84 97 58 71 -139 100 -164 -81 -81 -42 -110 -194 -197 -198 83 40 35 70 84 105 67 34 182 -184 -86 -128 -105 -42 -106 -180 -83 -189 106 131 143 103 120 2 -78 52 -109 134 5 -165 -109 -89 121 -143 32 -69 152 12 130 127 121 7 -105 123 -109 136 -148 131 1 5579170.894730563 2.0482084495254744E7 160.5768794911087 0.0 
146 19 -76 92 -140 101 -149 140 11 -91 -30 -128 134 -112 44 -2 127 117 85 100 68 70 -140 95 -195 -90 -169 -113 -104 -196 -98 -173 114 79 41 70 7 21 66 40 182 -89 -76 -90 -119 -103 -105 -121 -86 -190 106 144 164 97 41 1 -147 39 -110 133 11 -111 -106 -76 150 -74 35 -76 158 -39 130 130 146 30 -114 52 -116 75 -134 130 3 5829594.5822733855 1.5036455259485926E7 3.4927764440312146E-4 0.0 
146 19 -76 92 -140 101 -149 140 11 -95 -30 -129 134 -112 44 -2 127 142 85 100 54 71 -141 98 -195 -90 -168 -113 -104 -196 -98 -173 115 77 43 70 8 22 67 40 182 -89 -76 -90 -119 -103 -105 -121 -86 -190 106 144 164 96 41 -2 -146 39 -110 134 6 -111 -106 -76 155 -74 36 -76 158 -39 130 128 146 30 -114 52 -116 76 -134 130 3 5859840.747050017 1.4375674374224266E7 108.83840531902243 0.0 
148 22 -71 92 -140 101 -149 140 10 -92 -30 -129 120 -112 46 -2 127 142 84 88 55 74 -140 95 -196 -90 -172 -113 -105 -66 -152 -184 115 75 41 70 8 21 47 39 185 -92 -79 -90 -119 -102 -106 -115 -87 -192 106 145 164 67 46 1 -146 55 -110 133 11 -114 -104 -78 152 -72 43 -74 165 -39 130 129 145 29 -114 52 -116 74 -134 130 3 5929537.513303823 1.3091601248225778E7 165.2189223174761 0.0 
148 21 -116 132 -115 109 -142 141 10 -84 -34 -117 171 -125 58 3 145 140 84 94 62 71 -139 99 -177 -83 -81 -41 -110 -194 -197 -198 83 34 35 70 84 105 66 34 183 -186 -90 -128 -105 -42 -106 -180 -82 -190 105 131 149 103 121 2 -78 49 -109 134 6 -163 -109 -91 121 -143 31 -69 152 12 128 126 121 7 -104 123 -137 136 -148 131 1 5569409.273527348 1.9825140251197446E7 482.06015804447014 0.0 
146 22 -72 92 -140 103 -149 140 11 -95 -30 -129 127 -114 38 -3 128 116 82 99 70 79 -142 95 -195 -89 -171 -114 -105 -196 -99 -174 113 77 43 69 8 21 67 40 190 -85 -78 -90 -119 -103 -108 -123 -86 -191 98 142 161 96 45 2 -146 53 -110 133 6 -113 -106 -77 152 -72 32 -76 169 -39 130 130 145 30 -114 51 -116 77 -134 130 3 5856464.428347462 1.45780831870446E7 3.4609170972124296E-4 0.0 
146 22 -73 92 -139 112 -149 140 11 -91 -31 -129 136 -112 118 -25 126 111 86 80 36 78 -100 96 -94 -89 -132 -113 -108 -74 -74 -173 4 48 41 73 8 23 49 39 185 -131 -78 -80 -120 -103 -105 -116 -88 -182 106 144 168 48 40 -3 -146 44 -110 124 11 -113 -105 -78 158 -73 43 -75 158 -40 130 129 145 30 -116 52 -116 80 -134 130 3 6106283.368195401 1.0698328384529492E7 62.174978335939386 0.0 
145 21 -116 102 -135 106 -142 141 10 -79 -34 -117 171 -68 59 2 143 140 85 97 58 70 -138 100 -165 -82 -81 -42 -109 -197 -197 -199 84 34 35 70 84 105 68 34 183 -186 -77 -128 -105 -43 -106 -180 -84 -186 105 131 124 48 122 3 -76 50 -116 134 5 -142 -109 -89 121 -144 31 -80 152 12 127 127 121 7 -105 124 -136 137 -148 131 1 5749007.962346111 1.6280868393513644E7 14.747694651446935 0.0 
146 22 -117 106 -134 94 -143 141 10 -84 -34 -79 173 -124 55 10 145 140 84 97 57 71 -139 100 -166 -82 -81 -42 -109 -196 -197 -198 83 41 35 69 84 106 66 35 183 -185 -91 -128 -105 -42 -106 -180 -84 -189 106 131 151 59 114 4 -75 49 -109 134 4 -167 -110 -90 121 -144 32 -69 152 12 127 126 121 6 -107 123 -142 136 -148 131 0 5677506.7166785225 1.7487595616986997E7 559.155176353444 0.0 
146 22 -75 88 -131 113 -142 140 11 -90 -31 -75 135 -114 90 -29 148 138 80 81 33 102 -104 52 -98 -69 -137 -113 -108 -75 -79 -159 -2 38 35 65 -58 23 49 38 179 -130 -81 -87 -109 -103 -101 -109 -75 109 114 134 127 56 -95 -91 -145 57 -110 99 13 -82 -134 23 128 -71 43 -78 154 -70 127 129 143 30 -115 53 -116 53 -138 130 2 6439704.42936556 8260896.500758743 239.53139858235727 0.0 
142 21 -116 131 -115 109 -142 141 10 -85 -34 -117 168 -124 66 9 145 140 84 97 59 71 -138 100 -166 -82 -81 -42 -109 -194 -196 -198 83 41 37 70 84 102 66 34 183 -186 -92 -128 -105 -42 -106 -183 -82 -189 106 132 147 103 113 2 -78 50 -109 134 5 -165 -109 -91 121 -143 32 -69 152 12 127 126 121 7 -107 123 -142 136 -148 131 1 5579578.736542479 1.9944406109321143E7 166.90054772905313 0.0 
146 22 -72 93 -137 101 -148 140 11 -91 -30 -129 133 -112 43 -3 127 142 85 100 69 71 -140 95 -192 -89 -172 -111 -105 -192 -99 -174 115 77 42 70 8 22 67 40 184 -85 -79 -90 -119 -103 -108 -121 -85 -191 106 142 164 91 46 2 -146 37 -110 133 11 -111 -106 -77 158 -75 31 -76 159 -39 130 129 146 31 -114 46 -116 76 -134 130 3 5838505.442288973 1.4780641698072039E7 184.07598404204757 0.0 
145 21 -116 106 -134 109 -144 141 10 -83 -34 -79 171 -71 57 3 144 140 84 98 59 70 -139 100 -166 -73 -81 -42 -109 -197 -198 -198 86 34 35 70 84 100 67 34 182 -169 -92 -128 -105 -42 -104 -180 -84 -189 105 131 119 46 121 3 -76 52 -116 133 6 -142 -110 -89 121 -145 32 -69 152 12 127 127 121 7 -106 123 -137 135 -148 131 1 5817995.418482963 1.5112763218686432E7 10.940117188458588 0.0 
146 21 -75 88 -133 107 -135 140 11 -94 -31 -74 135 -113 86 -29 135 115 67 81 33 102 -105 55 -98 -85 -124 -114 -108 -67 -96 -159 19 73 42 71 -59 23 50 39 179 -117 -83 -88 -109 -103 -101 -108 -64 120 108 136 -28 -116 -95 -92 -145 56 -109 98 14 -85 -113 22 131 -71 44 -77 154 -76 155 128 144 29 -116 51 -115 52 -138 130 3 6678309.920529541 7478329.091971876 2.3215946447354734E-4 0.0 
147 24 -66 87 -140 -98 55 145 18 -90 -27 -84 128 -96 -21 160 159 125 58 91 45 57 -106 93 -93 -87 -182 -51 -78 -67 -96 -163 -1 55 34 -53 8 21 50 39 183 -129 -82 -82 -112 -102 -109 -111 -66 111 108 143 -3 -70 -96 -92 -145 58 -109 102 13 -85 -114 -76 183 -73 43 -77 152 -72 155 130 154 29 -116 53 -117 55 -138 129 0 6815368.258983697 7267879.851850485 2.391551027159046E-4 0.0 
146 23 -75 89 -133 113 -135 140 11 -94 -31 -86 134 -114 86 -29 134 113 76 72 38 103 -105 56 -98 -85 -123 -113 -108 -68 -95 -159 18 73 42 71 -59 23 54 39 180 -120 -83 -91 -110 -103 -101 -110 -64 119 101 135 -28 -62 -95 -90 -144 56 -109 105 17 -82 -113 26 125 -71 43 -77 154 -76 154 129 143 30 -113 51 -115 50 -138 130 3 6609849.1658600895 7655683.833300652 2.3344114972871294E-4 0.0 
142 21 -116 131 -116 108 -144 141 10 -83 -34 -117 172 -116 59 8 145 140 85 97 58 71 -139 100 -164 -81 -81 -42 -110 -194 -197 -198 88 34 35 70 84 105 67 34 182 -184 -86 -128 -105 -42 -106 -180 -83 -189 107 131 122 103 120 2 -77 50 -109 133 6 -165 -110 -89 121 -143 32 -70 152 12 127 127 121 7 -107 123 -109 136 -148 131 1 5588730.485668161 2.0336198437668454E7 49.687729984756345 0.0 
146 21 -75 89 -141 114 -149 140 10 -90 -31 -75 135 -115 91 -28 147 138 81 90 35 100 -104 52 -100 -65 -139 -114 -107 -75 -80 -164 -1 46 42 73 7 23 49 36 174 -130 -81 -81 -109 -103 -101 -67 -74 -166 113 134 126 56 -95 -87 -145 56 -112 129 13 -86 -134 21 132 -71 46 -78 152 -70 127 128 143 30 -115 51 -116 52 -137 129 2 6258754.132315435 9232133.753026944 2.7934951720290157E-4 0.0 
147 21 -75 88 -139 113 -149 140 11 -91 -31 -75 135 -112 88 -28 148 117 91 81 33 100 -107 55 -98 -80 -135 -113 -102 -80 -79 -160 0 51 35 71 8 23 45 39 181 -131 -80 -89 -109 -103 -101 -71 -81 -162 114 134 131 56 43 0 -145 57 -110 123 6 -86 -134 -65 127 -71 43 -75 138 -56 125 128 144 31 -115 51 -116 71 -137 130 0 6188329.232134623 9814963.287786907 2.784266192214456E-4 0.0 
148 22 -72 92 -137 101 -148 140 10 -92 -30 -130 134 -112 44 -2 127 116 123 89 56 89 -139 94 -196 -90 -170 -113 -105 -67 -149 -174 119 80 43 70 8 22 49 39 192 -92 -78 -90 -119 -102 -105 -121 -79 -181 112 142 164 66 41 1 -146 42 -110 133 6 -110 -106 -77 152 -73 30 -76 164 -39 130 129 146 30 -114 52 -116 75 -134 130 3 6048995.792850781 1.1310619007808292E7 3.094860299345325E-4 0.0 
146 21 -117 132 -84 137 -144 141 10 -84 -34 -117 168 -126 58 10 145 140 84 97 57 71 -139 99 -177 -82 -80 -43 -110 -195 -197 -198 86 39 35 70 84 106 63 34 183 -185 -91 -128 -105 -42 -106 -180 -82 -180 106 131 150 104 117 3 -75 51 -158 134 5 -165 -109 -88 121 -175 33 -70 152 12 119 127 121 6 -107 119 -111 122 -94 131 1 5567727.162992821 2.098178894759501E7 321.21619180165897 0.0 
146 19 -76 94 -140 100 -148 140 10 -91 -30 -129 133 -114 47 -2 128 137 117 89 55 70 -142 94 -196 -90 -169 -111 -105 -67 -150 -173 114 80 42 70 8 22 49 40 181 -89 -79 -90 -119 -103 -105 -119 -86 -182 106 143 164 87 46 2 -147 37 -110 134 10 -109 -106 -78 151 -72 31 -76 167 -39 130 128 144 30 -114 52 -116 81 -134 130 3 5949643.522200563 1.2885147854198707E7 105.60606999060072 0.0 
150 22 -75 88 -139 113 -142 140 11 -90 -32 -75 135 -113 90 -28 148 139 60 81 39 100 -104 52 -98 -68 -139 -113 -108 -75 -80 -159 4 40 35 71 -59 23 49 38 179 -130 -81 -87 -110 -103 -101 -109 -65 114 114 133 129 65 -95 -91 -145 60 -110 106 13 -82 -138 23 128 -71 44 -78 155 -70 128 128 143 30 -114 45 -116 53 -138 130 2 6446906.390269846 8283669.520143317 2.607402021941581E-4 0.0 
148 22 -75 92 -139 113 -149 140 11 -92 -31 -74 135 -112 88 -28 146 139 84 80 35 78 -104 56 -98 -87 -136 -115 -102 -76 -79 -164 1 47 35 69 8 21 49 36 173 -129 -80 -89 -110 -103 -101 -63 -81 -166 112 138 129 56 43 0 -145 44 -111 106 0 -86 -102 -75 158 -71 35 -75 137 -35 158 128 143 31 -115 52 -117 83 -134 130 2 6179619.688315294 9877061.268180849 112.27997217508747 0.0 
147 21 -75 88 -139 113 -149 140 11 -91 -31 -75 135 -112 88 -28 148 117 78 81 33 100 -105 55 -98 -86 -135 -113 -102 -81 -79 -160 0 51 35 71 8 23 45 39 181 -131 -80 -89 -109 -103 -101 -71 -81 -162 114 134 131 56 45 0 -145 57 -110 123 6 -86 -134 -65 146 -71 43 -75 138 -56 125 128 144 31 -115 52 -92 71 -137 130 0 6211754.706081289 9596376.370429449 2.691038830776459E-4 0.0 
148 19 -77 92 -137 100 -148 140 11 -91 -30 -129 134 -112 47 -2 127 117 85 99 70 74 -141 95 -195 -90 -171 -111 -104 -198 -99 -174 114 77 41 70 8 21 66 40 183 -85 -78 -90 -119 -103 -108 -116 -88 -192 106 142 164 98 45 1 -145 53 -110 133 5 -111 -106 -77 152 -72 31 -76 158 -36 129 130 146 30 -114 52 -116 76 -134 130 3 5839144.250008658 1.4891490695634067E7 3.4613764943589026E-4 0.0 
147 19 -76 92 -137 101 -149 140 10 -91 -30 -129 133 -111 47 -2 127 141 85 97 54 70 -142 94 -195 -90 -170 -112 -105 -197 -93 -174 112 79 42 70 8 21 67 40 182 -89 -78 -90 -119 -103 -105 -122 -86 -192 106 142 165 96 41 -3 -147 36 -110 134 6 -111 -105 -77 151 -72 33 -76 159 -37 130 128 146 30 -114 52 -116 75 -134 130 3 5847802.065055621 1.4490509976160506E7 125.31414280066544 0.0 
146 19 -76 92 -140 101 -149 140 11 -95 -30 -129 134 -112 44 -2 128 112 85 100 54 71 -142 98 -195 -90 -168 -113 -104 -196 -98 -173 115 77 43 70 8 22 67 40 182 -89 -76 -90 -119 -102 -105 -122 -86 -190 106 144 164 99 41 -2 -146 39 -110 133 6 -111 -106 -76 155 -74 30 -76 158 -39 130 128 146 30 -114 52 -116 76 -134 129 3 5868758.715816598 1.4233279739462018E7 3.423554006724334E-4 0.0 
146 19 -76 94 -137 103 -148 141 10 -92 -28 -129 133 -114 43 -1 128 109 84 93 54 71 -140 94 -196 -89 -170 -113 -105 -68 -151 -176 114 80 41 70 8 22 49 40 183 -92 -78 -90 -119 -103 -105 -118 -86 -189 106 144 164 64 41 -3 -147 40 -110 134 11 -114 -105 -77 151 -73 44 -76 163 -39 130 128 145 30 -114 52 -116 73 -134 130 3 5917291.0391485505 1.3276030351224324E7 3.342339897467786E-4 0.0 
143 21 -116 105 -135 110 -142 141 10 -80 -34 -80 176 -75 58 4 144 140 84 98 59 71 -139 100 -167 -76 -81 -42 -109 -197 -196 -199 86 29 37 68 84 102 62 35 183 -193 -92 -128 -105 -42 -106 -180 -82 -188 106 131 124 52 115 2 -75 50 -108 134 6 -142 -110 -90 121 -147 32 -70 152 12 129 126 121 7 -106 123 -141 135 -148 131 1 5709092.001676526 1.6896157804111872E7 245.53712330536788 0.0 
146 22 -75 88 -131 113 -136 140 11 -90 -31 -75 135 -113 83 -28 149 138 76 81 33 101 -104 52 -98 -69 -137 -113 -108 -75 -94 -164 18 54 35 64 -59 23 49 38 180 -130 -81 -82 -109 -103 -101 -109 -64 109 114 134 126 56 -95 -90 -145 57 -110 105 25 -82 -134 23 131 -71 43 -78 154 -77 155 129 143 30 -114 53 -116 53 -138 130 2 6473882.0769710075 8148444.0582941575 2.558124528199954E-4 0.0 
140 21 -75 80 -140 108 -149 140 11 -89 -31 -74 134 -115 89 -28 149 120 81 89 37 100 -107 51 -95 -87 -135 -113 -102 -75 -79 -164 1 55 51 64 8 23 49 38 173 -130 -78 -76 -109 -103 -101 -64 -75 -165 112 137 131 55 43 3 -146 44 -110 109 -1 -85 -134 -81 158 -72 35 -75 139 -56 127 128 145 31 -115 52 -116 66 -138 131 1 6185791.381255009 9776551.438520484 33.13794472798756 0.0 
147 22 -72 92 -137 100 -148 140 10 -92 -30 -130 134 -113 47 -2 127 116 84 89 55 70 -142 94 -196 -90 -172 -112 -105 -63 -152 -174 119 80 43 70 8 22 49 39 183 -93 -76 -90 -119 -102 -105 -115 -85 -181 112 143 164 62 45 1 -146 42 -110 133 11 -111 -104 -77 152 -73 30 -76 164 -39 130 129 145 30 -114 52 -116 75 -134 130 3 6068696.817685269 1.1147967897115972E7 3.10534921623195E-4 0.0 
146 21 -117 133 -84 137 -144 141 10 -84 -34 -117 168 -126 58 11 145 140 84 97 57 71 -139 99 -169 -82 -80 -42 -110 -196 -197 -198 86 39 35 70 85 105 63 34 182 -185 -94 -128 -105 -42 -106 -180 -82 -180 106 131 149 103 121 3 -75 51 -158 134 6 -165 -109 -88 121 -175 33 -70 152 12 116 127 121 6 -107 119 -114 121 -94 131 1 5569086.370136993 2.107677996376112E7 280.1579961618888 0.0 
146 22 -75 88 -139 113 -142 140 11 -90 -32 -75 135 -114 90 -29 148 139 60 81 39 100 -104 52 -98 -69 -136 -113 -108 -75 -80 -159 4 38 42 71 -59 23 49 38 179 -130 -81 -87 -110 -103 -101 -109 -75 106 114 133 129 65 -95 -91 -145 57 -110 99 13 -82 -138 23 128 -71 43 -78 155 -70 128 128 143 30 -115 45 -116 53 -138 129 2 6459880.995516133 8193688.555357441 238.98257704359324 0.0 
147 19 -76 92 -139 101 -149 140 11 -95 -30 -133 152 -114 47 -1 128 110 85 100 56 70 -142 94 -195 -89 -172 -114 -105 -68 -152 -173 115 79 43 70 8 21 49 40 183 -89 -78 -90 -119 -103 -104 -119 -86 -190 106 144 164 93 41 -2 -145 42 -110 134 5 -113 -104 -77 155 -73 35 -76 165 -39 130 128 146 30 -114 49 -116 77 -134 130 3 5937170.741055753 1.3096315980565578E7 3.336795337161971E-4 0.0 
146 19 -75 92 -139 102 -149 140 11 -91 -30 -129 134 -112 46 -2 127 118 84 101 54 70 -141 95 -195 -90 -169 -113 -105 -196 -98 -174 114 77 43 70 7 21 66 40 182 -92 -76 -90 -119 -103 -105 -121 -86 -190 106 144 164 96 41 1 -147 36 -110 134 11 -111 -106 -77 150 -74 35 -76 160 -39 130 130 146 29 -114 52 -116 75 -134 130 4 5879487.673590439 1.416726927658787E7 3.421202214871185E-4 0.0 
147 19 -76 93 -140 101 -149 140 11 -92 -30 -129 152 -114 43 -2 128 107 114 89 56 71 -142 94 -196 -90 -168 -112 -105 -63 -152 -174 114 78 42 70 8 22 49 40 186 -84 -76 -90 -119 -103 -105 -121 -88 -192 106 144 164 96 42 2 -145 41 -110 125 13 -111 -106 -77 151 -73 45 -76 162 -39 130 130 145 30 -114 52 -116 72 -134 130 2 5889687.076415576 1.3810382903271735E7 3.356605886502908E-4 0.0 
146 20 -76 92 -137 103 -148 140 11 -91 -30 -103 152 -115 44 -2 128 141 114 89 55 71 -140 95 -196 -90 -168 -111 -105 -67 -148 -173 115 79 41 70 8 21 49 40 183 -84 -78 -90 -119 -103 -105 -122 -87 -190 106 143 165 96 46 2 -147 55 -110 138 11 -111 -106 -77 151 -71 31 -76 158 -39 130 128 144 30 -114 51 -116 72 -134 130 3 5898699.017615154 1.3511310691074373E7 123.7400398388449 0.0 
146 23 -73 92 -139 103 -148 140 11 -94 -31 -129 136 -112 119 -25 126 111 86 72 35 78 -100 94 -93 -89 -132 -113 -108 -74 -74 -173 3 47 41 73 8 23 49 39 185 -131 -78 -80 -119 -103 -105 -123 -88 -181 106 144 163 49 40 -3 -145 44 -110 124 11 -114 -105 -77 158 -73 43 -75 158 -39 129 129 145 30 -116 52 -117 80 -134 130 3 6121926.924886569 1.0466758176797334E7 2.9401330717356895E-4 0.0 
146 22 -72 93 -140 103 -148 140 11 -91 -30 -129 153 -115 44 -2 132 109 86 97 55 70 -141 94 -194 -90 -168 -114 -105 -66 -149 -174 120 80 41 70 8 22 49 53 185 -92 -79 -90 -119 -104 -105 -118 -86 -176 106 144 164 64 40 -3 -147 40 -111 126 11 -113 -106 -78 154 -73 36 -74 160 -35 128 129 146 30 -113 51 -116 76 -134 130 3 6028571.691459464 1.1690306563865066E7 55.146161948493436 0.0 
140 21 -75 80 -140 108 -137 140 11 -89 -31 -74 134 -115 89 -27 149 120 81 89 37 100 -107 51 -95 -87 -135 -113 -102 -75 -79 -164 1 55 51 64 8 23 49 38 173 -130 -78 -76 -109 -103 -101 -64 -75 -165 112 137 131 55 43 3 -146 44 -110 109 -1 -85 -134 -81 157 -72 35 -75 139 -56 127 128 146 31 -115 51 -116 66 -138 131 1 6199229.4268668005 9657177.081546824 33.097499232971344 0.0 
145 21 -116 93 -135 109 -143 141 10 -84 -32 -117 172 -73 58 3 141 140 84 97 57 70 -139 100 -163 -82 -80 -42 -109 -195 -197 -198 84 40 35 69 84 105 67 34 183 -196 -90 -128 -105 -42 -105 -175 -83 -189 106 131 124 49 113 -1 -76 49 -107 134 6 -142 -109 -93 121 -144 32 -68 152 12 129 126 121 7 -107 123 -137 136 -148 131 1 5686537.751300563 1.740713731908419E7 10.866700601191473 0.0 
162 21 -116 94 -134 109 -143 141 10 -79 -34 -80 170 -71 57 12 145 140 84 97 57 71 -139 99 -167 -75 -80 -42 -109 -198 -196 -198 83 32 35 69 84 102 66 34 182 -184 -93 -128 -105 -42 -107 -180 -82 -186 106 131 124 49 122 10 -75 55 -108 134 6 -142 -110 -91 121 -143 32 -77 151 12 127 126 121 7 -106 124 -137 136 -148 131 1 5789072.668745315 1.5625304717978125E7 3.4163255390273506E-4 0.0 
146 21 -75 88 -139 113 -142 140 10 -90 -31 -75 135 -115 90 -29 148 138 76 74 39 100 -104 52 -98 -80 -136 -114 -108 -73 -78 -165 5 44 42 74 6 23 49 39 181 -129 -81 -88 -110 -103 -101 -66 -75 -166 113 133 115 58 -95 -87 -145 56 -109 105 13 -86 -138 23 131 -71 43 -78 151 -70 158 128 143 30 -115 52 -104 53 -138 130 2 6279300.578399013 9099629.5851791 77.85513934347682 0.0 
146 23 -72 92 -139 103 -148 140 11 -94 -31 -129 136 -114 119 -25 126 111 86 72 35 79 -105 95 -93 -89 -139 -113 -108 -74 -74 -175 4 47 53 73 8 23 49 39 185 -131 -78 -80 -119 -103 -105 -123 -88 -181 106 135 124 49 40 -3 -145 44 -110 124 11 -87 -106 -77 158 -73 43 -75 158 -37 129 129 145 30 -116 52 -117 80 -138 130 3 6153674.910852135 1.011154370485524E7 2.9095511347476753E-4 0.0 
142 21 -116 105 -135 110 -142 141 10 -80 -34 -80 176 -75 58 4 145 140 84 98 59 71 -139 100 -167 -76 -81 -42 -109 -197 -196 -198 86 29 37 68 84 102 62 35 183 -193 -92 -128 -105 -42 -106 -180 -82 -188 106 131 124 53 115 1 -75 53 -108 134 6 -142 -110 -91 121 -144 31 -70 152 12 129 126 121 7 -107 123 -141 135 -148 131 1 5675568.108759137 1.7581195771066915E7 36.059921508389024 0.0 
145 21 -116 104 -134 109 -144 141 10 -83 -34 -80 171 -123 58 12 145 140 84 97 60 71 -139 99 -167 -74 -81 -42 -110 -197 -196 -199 87 41 35 70 84 102 66 35 183 -181 -92 -128 -105 -42 -106 -180 -83 -189 105 131 123 51 113 3 -75 53 -108 134 6 -142 -110 -91 121 -144 32 -78 153 12 127 126 121 6 -106 124 -142 136 -148 131 1 5699377.043280974 1.707664650224983E7 341.8617862042348 0.0 
146 21 -116 96 -134 109 -143 141 10 -83 -34 -79 171 -70 58 9 145 140 84 94 57 71 -140 100 -166 -83 -81 -42 -110 -198 -197 -198 83 41 35 69 84 105 67 35 183 -186 -90 -128 -105 -42 -106 -180 -83 -189 106 131 124 46 115 3 -75 49 -116 134 6 -142 -110 -89 121 -144 32 -70 152 11 127 126 121 7 -106 124 -136 136 -148 131 1 5769619.626772149 1.5772395503939854E7 212.55401716501214 0.0 
146 22 -73 88 -139 114 -142 140 11 -90 -31 -75 135 -114 90 -29 148 139 60 81 39 103 -105 52 -98 -69 -136 -113 -108 -75 -94 -159 4 39 42 71 -59 23 49 38 181 -130 -81 -87 -110 -103 -101 -109 -75 106 114 133 129 65 -95 -91 -145 57 -110 99 13 -82 -138 23 128 -71 43 -78 155 -70 158 128 143 30 -115 51 -116 53 -138 129 2 6465071.136096165 8146336.71158916 34.936779408809905 0.0 
145 21 -116 96 -135 106 -143 141 10 -84 -32 -115 172 -75 58 3 145 140 84 97 57 71 -139 100 -163 -82 -81 -42 -109 -196 -196 -198 84 34 35 70 84 105 66 34 183 -190 -93 -128 -105 -42 -106 -180 -83 -190 106 131 120 48 113 -1 -75 49 -109 134 3 -143 -109 -91 121 -144 32 -69 152 12 129 126 121 7 -107 123 -142 136 -148 131 1 5688132.893166636 1.7348876104235012E7 11.044576151675141 0.0 
150 22 -75 88 -139 114 -142 140 11 -90 -32 -75 135 -113 90 -28 148 139 60 81 34 100 -106 52 -98 -68 -138 -113 -108 -73 -80 -159 4 54 36 74 9 23 49 41 178 -129 -81 -87 -109 -103 -101 -109 -65 110 114 133 129 56 -95 -87 -145 60 -110 105 13 -82 -138 23 128 -71 43 -78 150 -71 157 129 143 30 -114 45 -116 53 -138 130 2 6349573.429629015 8691273.41110991 35.294668690655556 0.0 
147 22 -72 92 -140 101 -148 140 10 -92 -28 -129 134 -112 47 -3 127 109 85 89 55 71 -140 94 -195 -90 -172 -113 -105 -67 -149 -173 119 79 43 70 8 22 49 39 186 -92 -78 -90 -119 -102 -105 -119 -88 -178 112 144 165 63 40 1 -147 54 -110 136 11 -114 -106 -77 151 -73 30 -74 165 -39 130 128 145 29 -114 52 -116 75 -134 130 3 6007633.263421372 1.187787184606633E7 3.212730249771111E-4 0.0 
146 21 -116 92 -135 109 -142 141 10 -83 -34 -80 171 -67 58 10 144 140 84 98 57 70 -140 100 -167 -82 -81 -42 -110 -198 -199 -199 82 40 35 69 84 105 67 34 183 -185 -82 -128 -105 -42 -106 -180 -82 -186 105 131 125 56 112 1 -75 53 -115 134 5 -142 -109 -89 121 -146 32 -77 152 12 127 126 121 7 -107 123 -137 136 -148 131 1 5738044.022088678 1.6495344778254692E7 46.122395627005716 0.0 
145 21 -74 88 -134 111 -135 140 11 -90 -31 -75 135 -116 86 -28 133 114 47 75 33 89 -106 56 -98 -79 -124 -113 -108 -68 -95 -159 19 68 42 74 7 23 53 39 181 -117 -83 -88 -109 -103 -101 -108 -64 119 107 134 128 59 -95 -90 -145 56 -110 97 13 -88 -134 26 128 -71 43 -77 154 -76 156 128 143 30 -115 51 -116 50 -137 130 1 6409978.811658914 8398460.866054147 2.477412339213047E-4 0.0 
143 21 -117 106 -135 106 -142 141 10 -79 -34 -80 173 -72 59 2 144 140 84 98 59 70 -139 100 -167 -82 -81 -42 -109 -197 -196 -198 84 33 37 69 84 102 66 34 183 -157 -88 -128 -105 -43 -106 -180 -82 -186 106 131 125 47 121 3 -75 53 -116 134 5 -142 -109 -89 121 -145 31 -78 152 12 130 127 121 7 -105 123 -137 137 -147 131 1 5807477.335904171 1.5270454644987363E7 59.430696119709836 0.0 
146 22 -75 88 -131 114 -136 140 10 -90 -32 -74 135 -112 90 -39 148 139 76 81 34 100 -104 52 -98 -69 -136 -113 -107 -75 -95 -161 -2 45 34 71 7 23 49 42 179 -129 -81 -88 -109 -103 -101 -109 -64 110 114 136 131 56 -95 -87 -145 57 -110 105 13 -90 -134 23 131 -71 43 -78 163 -77 159 128 143 30 -115 51 -116 54 -138 130 2 6348504.527715604 8771348.45412199 2.5791669147641434E-4 0.0 
146 23 -76 89 -133 114 -142 140 11 -94 -31 -75 135 -115 86 -39 134 113 76 75 53 103 -105 56 -98 -85 -123 -113 -108 -68 -93 -159 18 75 42 71 -59 23 49 39 179 -120 -81 -87 -109 -103 -101 -110 -64 119 88 135 -28 -62 -95 -92 -145 56 -110 105 17 -87 -113 26 127 -71 43 -77 154 -76 156 129 143 30 -114 51 -115 53 -138 130 3 6599701.403205916 7749895.481708643 2.3468044647964036E-4 0.0 
146 21 -75 88 -141 114 -148 140 12 -90 -32 -75 135 -115 91 -28 147 139 81 89 35 100 -105 53 -98 -67 -139 -114 -108 -76 -79 -164 4 44 42 73 7 23 49 39 181 -130 -81 -81 -110 -103 -101 -67 -74 -168 113 134 126 64 -95 -87 -145 55 -109 129 13 -83 -138 21 132 -71 46 -78 152 -70 127 128 143 30 -115 51 -116 55 -137 129 2 6269459.091605924 9171696.946352582 2.785629633864588E-4 0.0 
146 21 -116 94 -136 107 -143 141 10 -84 -34 -116 172 -55 57 -4 143 140 85 97 58 70 -138 100 -168 -82 -81 -42 -109 -197 -196 -199 83 36 34 69 85 101 62 29 183 -186 -77 -128 -105 -43 -104 -180 -84 -189 106 131 121 47 120 2 -75 54 -116 134 6 -142 -109 -89 121 -145 32 -80 152 12 127 126 121 7 -107 123 -137 137 -148 131 0 5747700.242336198 1.6191707536540056E7 55.41736857673899 0.0 
146 22 -75 88 -131 114 -136 140 11 -90 -31 -75 135 -115 90 -28 148 138 80 74 33 100 -106 57 -98 -70 -137 -116 -108 -76 -79 -165 18 45 35 71 7 23 45 39 181 -131 -81 -82 -110 -103 -101 -109 -74 105 108 134 127 57 -95 -90 -145 57 -110 104 13 -88 -134 23 128 -71 43 -78 155 -75 155 129 143 30 -115 53 -116 53 -138 130 1 6368535.99842077 8491463.764916237 234.11316436649332 0.0 
145 21 -76 89 -133 114 -136 140 11 -94 -31 -75 135 -116 86 -29 148 115 76 81 39 99 -105 55 -98 -85 -124 -113 -108 -68 -94 -159 19 73 42 69 9 23 50 39 180 -117 -83 -88 -109 -103 -102 -108 -64 139 108 136 -28 -61 -95 -92 -145 56 -110 97 17 -85 -113 26 131 -71 43 -77 154 -75 158 128 143 30 -114 51 -116 51 -138 130 1 6549235.008467574 7886247.610780597 2.3513978031525657E-4 0.0 
146 22 -75 88 -131 114 -135 140 11 -90 -31 -75 135 -112 87 -28 148 139 76 79 38 100 -104 52 -98 -68 -138 -113 -108 -75 -80 -159 4 55 34 68 8 23 49 38 153 -130 -81 -82 -109 -103 -101 -109 -64 111 114 133 126 56 -95 -90 -145 57 -109 105 25 -83 -134 23 128 -73 43 -78 154 -76 133 128 143 30 -114 53 -116 53 -138 130 2 6397082.499468885 8464752.364450661 2.548102113144989E-4 0.0 
147 19 -76 94 -137 100 -148 140 10 -92 -30 -129 152 -115 44 -2 128 116 114 89 55 71 -142 94 -196 -90 -169 -112 -105 -67 -152 -174 115 75 41 70 8 22 49 40 182 -84 -78 -90 -119 -103 -105 -118 -86 -182 106 143 164 62 45 2 -147 54 -110 137 11 -113 -104 -78 151 -74 31 -76 168 -39 130 128 144 30 -114 51 -116 81 -134 130 3 5975218.466376544 1.2366563258023536E7 3.2105431447620363E-4 0.0 
145 21 -76 88 -131 113 -136 140 11 -94 -31 -75 135 -115 90 -29 135 115 76 81 33 99 -105 55 -98 -85 -124 -114 -108 -68 -94 -159 17 72 42 69 9 23 49 39 179 -117 -83 -88 -109 -103 -101 -108 -75 109 108 136 -28 -60 -95 -90 -145 57 -110 98 -7 -87 -113 23 131 -71 43 -77 154 -75 157 128 143 30 -115 52 -116 51 -138 130 3 6515564.608487067 7973068.800778281 34.454225225292724 0.0 
147 24 -74 88 -140 -101 56 145 11 -90 -31 -84 128 -94 -18 166 159 114 56 91 45 55 -105 56 -93 -87 -121 -49 -78 -67 -96 -163 -1 48 44 -55 8 21 50 38 192 -130 -83 -82 -112 -103 -107 -111 -66 111 115 140 -2 -66 -96 -92 -145 58 -110 102 17 -85 -113 -76 186 -73 43 -77 153 -70 153 130 153 30 -114 53 -117 55 -137 129 3 6808880.843881009 7277359.868225594 7.407228079796636 0.0 
146 21 -75 88 -139 113 -136 140 10 -90 -31 -75 135 -115 91 -39 148 138 76 74 35 100 -104 52 -100 -68 -138 -114 -110 -74 -78 -165 -2 44 42 74 6 23 53 39 174 -129 -81 -88 -110 -103 -101 -65 -75 -166 113 134 115 58 -95 -87 -145 56 -109 105 13 -86 -141 21 131 -71 46 -78 151 -76 159 128 143 31 -115 52 -116 53 -138 130 2 6298893.755521667 8974185.272875102 2.6576687679267803E-4 0.0 
146 19 -76 94 -137 103 -148 140 10 -91 -30 -129 152 -115 44 -2 128 141 114 89 55 71 -140 94 -196 -90 -169 -114 -106 -67 -144 -173 114 75 42 70 8 22 49 40 181 -84 -78 -90 -119 -103 -105 -121 -86 -182 106 143 164 65 46 2 -147 55 -110 137 11 -113 -104 -77 151 -75 31 -76 158 -39 130 128 144 30 -114 51 -116 81 -134 130 3 5958543.417280688 1.2580987347602108E7 107.43200792032798 0.0 
146 22 -73 88 -131 113 -136 140 11 -90 -31 -75 135 -113 90 -28 149 139 76 81 38 103 -104 52 -98 -69 -137 -113 -108 -75 -94 -159 18 55 35 64 -59 23 49 38 180 -130 -81 -82 -109 -103 -101 -109 -64 109 114 134 126 56 -95 -90 -145 57 -109 105 25 -83 -134 23 131 -71 43 -78 154 -76 158 129 143 30 -114 53 -116 53 -138 130 2 6490816.805861815 8097482.130857535 2.548679657407816E-4 0.0 
146 20 -76 92 -137 103 -149 140 11 -91 -30 -103 152 -115 44 -2 128 109 114 89 55 71 -142 94 -196 -90 -168 -112 -105 -63 -152 -174 114 78 41 70 8 21 49 40 183 -84 -78 -90 -119 -103 -105 -122 -87 -192 106 143 165 96 42 2 -147 38 -110 138 13 -111 -106 -77 151 -71 45 -76 162 -39 130 128 144 30 -114 51 -116 72 -134 130 3 5927794.39958326 1.3178423464962678E7 3.2695769339766064E-4 0.0 
147 22 -75 88 -132 114 -135 140 11 -90 -31 -75 135 -112 90 -27 148 139 76 81 35 100 -106 52 -98 -69 -136 -114 -108 -73 -79 -159 4 45 35 69 8 23 49 41 181 -129 -81 -88 -109 -103 -101 -109 -65 105 108 135 126 57 -95 -87 -145 56 -109 105 12 -87 -134 23 128 -71 45 -77 150 -77 157 128 143 30 -115 52 -116 52 -138 130 2 6359801.965776038 8586634.803965542 42.0820452765941 0.0 
143 21 -116 92 -134 109 -143 141 10 -80 -34 -80 173 -68 57 -7 145 140 84 98 57 70 -139 100 -166 -76 -81 -42 -108 -198 -196 -199 87 32 35 72 84 101 67 35 183 -157 -92 -128 -105 -42 -104 -180 -82 -189 105 131 151 46 121 3 -77 54 -116 134 5 -142 -110 -90 121 -146 32 -80 152 12 127 127 121 7 -106 123 -137 135 -148 129 1 5799816.367481524 1.5395316592203872E7 131.345151329195 0.0 
146 19 -76 92 -140 101 -148 140 10 -91 -30 -133 152 -112 47 -2 128 141 85 89 56 70 -142 94 -196 -90 -172 -114 -106 -68 -147 -179 126 75 43 70 8 22 49 39 186 -89 -76 -90 -119 -103 -105 -122 -88 -181 112 143 164 93 39 1 -146 57 -110 137 10 -113 -104 -77 151 -72 30 -76 164 -39 130 128 144 30 -114 51 -116 72 -134 130 3 5979895.474120076 1.2226327011118975E7 125.75227832462862 0.0 
148 22 -72 93 -140 103 -148 140 11 -91 -30 -129 134 -114 46 -3 127 118 85 99 70 80 -142 95 -195 -89 -174 -114 -105 -199 -98 -174 113 80 42 70 8 22 67 39 186 -85 -78 -90 -119 -103 -103 -123 -88 -190 112 142 164 93 46 -3 -145 53 -110 136 7 -112 -106 -76 152 -72 32 -74 168 -39 130 130 145 30 -114 51 -116 72 -133 130 3 5849856.374690902 1.476945097832283E7 3.497340443159179E-4 0.0 
147 21 -116 130 -134 107 -143 141 10 -85 -34 -116 171 -74 59 9 144 140 84 97 56 71 -139 100 -166 -74 -82 -42 -108 -195 -196 -198 83 41 35 69 84 102 66 34 182 -186 -90 -128 -105 -42 -106 -180 -84 -189 106 131 120 103 114 2 -75 54 -109 134 6 -141 -109 -91 121 -143 32 -70 152 12 127 126 121 5 -107 123 -141 136 -148 131 1 5639972.564687105 1.8249507247955628E7 14.626495353752745 0.0 
146 22 -80 89 -133 108 -136 140 10 -94 -31 -75 135 -116 86 -28 135 115 85 81 43 103 -105 55 -98 -85 -124 -114 -108 -67 -96 -159 18 72 42 69 -59 23 52 39 179 -118 -83 -88 -109 -103 -101 -109 -64 104 114 136 -29 -62 -95 -92 -144 56 -110 97 -6 -87 -113 22 131 -71 44 -77 175 -81 157 129 142 30 -113 53 -115 51 -136 130 3 6599434.892673694 7689979.676842151 7.048357774703462 0.0 
146 19 -76 94 -140 101 -149 140 11 -91 -30 -129 134 -114 47 -2 127 112 87 89 54 70 -142 94 -195 -90 -181 -113 -104 -72 -151 -188 114 80 43 70 7 22 48 39 191 -89 -76 -90 -118 -103 -105 -119 -86 -190 106 145 165 96 40 1 -147 56 -110 133 11 -113 -105 -77 152 -72 44 -76 158 -55 130 128 146 30 -114 52 -116 76 -134 130 3 5907575.03377434 1.3593264798947578E7 3.4026567145410073E-4 0.0 
147 22 -76 93 -136 103 -148 140 10 -91 -30 -128 134 -115 44 -2 128 141 114 89 55 70 -140 94 -196 -90 -169 -111 -105 -67 -149 -187 115 79 42 70 8 22 49 48 183 -84 -78 -90 -119 -103 -105 -121 -86 -190 106 143 165 88 46 2 -146 55 -110 137 11 -111 -106 -77 151 -73 30 -76 159 -39 130 128 144 30 -114 51 -116 73 -134 130 3 5877648.9299692325 1.4060319159763513E7 108.83829211642433 0.0 
142 21 -116 132 -116 109 -143 141 10 -83 -34 -117 171 -116 58 9 145 140 84 97 59 71 -139 100 -183 -81 -81 -41 -110 -194 -196 -198 83 41 35 69 84 105 66 35 183 -186 -90 -128 -105 -42 -106 -180 -83 -189 106 131 148 103 122 3 -77 52 -109 134 5 -165 -109 -91 121 -143 32 -69 153 12 127 126 121 7 -106 123 -141 136 -148 131 1 5578668.514105638 1.9558149504625782E7 462.987128748237 0.0 
146 22 -73 92 -139 112 -149 140 11 -94 -31 -129 136 -112 119 -25 126 111 86 80 36 78 -100 95 -94 -89 -132 -113 -108 -74 -74 -173 3 48 41 73 8 23 49 39 184 -131 -78 -80 -120 -103 -105 -116 -89 -181 106 144 164 48 40 -3 -146 44 -110 124 11 -114 -105 -77 158 -73 43 -75 158 -39 130 129 145 30 -116 52 -116 80 -134 130 3 6118927.620196324 1.05169110006201E7 2.9427131955677235E-4 0.0 
147 21 -116 104 -135 110 -142 141 10 -84 -34 -117 173 -68 58 3 141 140 84 97 57 71 -139 99 -169 -82 -80 -42 -109 -197 -197 -199 83 40 37 69 84 101 67 34 183 -194 -90 -128 -105 -42 -105 -175 -83 -180 106 132 124 49 121 2 -76 53 -109 134 6 -142 -109 -93 121 -147 31 -68 152 12 127 126 121 7 -105 123 -137 136 -148 131 1 5759979.387579054 1.6038267484470487E7 11.431814136192752 0.0 
145 21 -116 130 -137 109 -142 141 10 -84 -34 -117 172 -119 58 14 144 140 84 97 57 71 -139 94 -184 -81 -80 -42 -110 -194 -196 -198 84 41 35 69 84 105 67 34 182 -186 -89 -128 -105 -42 -106 -180 -82 -188 106 131 125 47 122 8 -75 54 -109 134 6 -143 -109 -89 121 -144 31 -69 153 12 127 127 121 7 -106 123 -141 136 -148 131 1 5668740.342991077 1.769786054625286E7 339.571532515109 0.0 
146 19 -76 93 -139 103 -149 141 11 -92 -30 -129 152 -115 45 -2 127 111 113 89 56 70 -140 95 -196 -90 -170 -112 -104 -63 -151 -174 120 75 43 74 8 22 49 40 182 -93 -78 -90 -119 -103 -105 -122 -86 -178 106 128 164 60 42 -3 -145 55 -110 126 7 -110 -105 -78 152 -75 31 -76 158 -39 130 128 144 30 -114 52 -116 76 -134 130 3 6037416.679577865 1.1556592069886817E7 59.839770754588294 0.0 
147 21 -75 89 -139 113 -149 140 11 -91 -31 -75 135 -112 88 -27 148 117 91 81 33 100 -107 55 -98 -81 -135 -113 -102 -80 -79 -160 0 51 35 71 8 23 45 39 181 -131 -80 -89 -109 -103 -101 -71 -81 -162 114 134 131 56 43 0 -145 57 -110 123 6 -86 -134 -65 127 -71 36 -75 138 -56 125 128 144 31 -115 51 -116 71 -138 130 0 6203179.176575533 9697533.319272678 2.767405691727958E-4 0.0 
146 19 -76 93 -140 101 -148 140 11 -93 -30 -129 152 -115 47 -2 128 141 87 89 55 71 -142 94 -196 -90 -168 -111 -105 -67 -152 -187 115 79 43 70 8 21 49 40 183 -89 -78 -90 -119 -103 -104 -121 -87 -181 106 142 165 66 40 2 -145 40 -110 136 11 -111 -104 -77 152 -75 31 -76 158 -39 130 128 143 30 -114 51 -116 73 -134 130 3 5963329.628958638 1.2463091247997222E7 122.46444289266931 0.0 
147 21 -117 124 -115 110 -144 141 10 -84 -34 -116 174 -129 58 15 145 140 84 97 57 71 -139 99 -164 -82 -81 -42 -110 -196 -197 -196 88 34 35 70 84 101 67 35 183 -184 -86 -128 -105 -42 -106 -180 -83 -189 106 156 149 103 113 4 -77 50 -109 134 6 -165 -109 -90 121 -143 32 -70 152 12 130 127 121 6 -107 123 -111 136 -148 131 1 5577113.798216779 2.1037858984825887E7 147.61860779170505 0.0 
147 22 -72 93 -139 101 -148 140 11 -91 -30 -129 152 -114 46 -2 127 109 84 101 54 70 -140 94 -195 -90 -171 -112 -105 -63 -152 -174 119 78 42 70 8 21 49 39 191 -93 -76 -90 -119 -103 -105 -119 -86 -178 106 144 165 63 45 1 -145 43 -110 125 11 -111 -104 -78 152 -73 34 -76 159 -39 130 129 145 29 -114 52 -116 76 -134 130 4 6095159.198676754 1.0843114269098373E7 3.0684954516493993E-4 0.0 
147 22 -72 93 -140 101 -148 140 11 -91 -30 -129 152 -112 45 -2 127 109 84 101 54 70 -140 94 -195 -90 -171 -111 -105 -63 -152 -174 115 78 42 70 8 21 49 39 198 -93 -76 -90 -119 -103 -105 -119 -86 -178 106 144 164 63 41 1 -145 42 -110 125 11 -111 -104 -77 151 -73 34 -76 159 -39 130 129 143 30 -114 51 -116 75 -134 129 3 6089870.5610612715 1.0903556240700139E7 3.0674476528471794E-4 0.0 
147 19 -76 93 -140 101 -148 140 10 -92 -30 -129 152 -114 44 -2 128 142 115 89 56 70 -142 94 -196 -90 -172 -112 -105 -63 -152 -174 114 51 42 70 8 22 49 40 186 -89 -76 -90 -119 -103 -105 -121 -88 -181 106 143 164 87 41 -4 -146 42 -110 136 13 -113 -104 -78 151 -72 31 -76 159 -39 130 128 144 30 -114 51 -116 72 -134 130 3 5949545.768001755 1.2693755062699469E7 158.63816905122786 0.0 
146 23 -73 84 -137 102 -149 140 11 -92 -28 -130 133 -114 46 -1 128 109 86 98 56 70 -140 94 -196 -90 -170 -108 -105 -74 -151 -173 114 80 41 75 8 22 49 40 183 -92 -78 -90 -119 -103 -105 -122 -86 -190 106 143 164 63 41 -3 -149 41 -110 136 11 -111 -106 -77 152 -73 30 -76 163 -39 130 129 143 30 -114 51 -116 81 -134 130 3 5947512.177136821 1.2923677515589206E7 3.2892485829497375E-4 0.0 
146 22 -75 72 -131 113 -135 140 10 -90 -31 -75 135 -115 90 -27 148 138 80 81 34 100 -104 50 -98 -72 -136 -115 -108 -69 -79 -159 4 37 42 71 2 23 49 39 181 -129 -81 -88 -109 -103 -101 -109 -65 105 108 134 129 65 -95 -90 -145 55 -109 105 17 -87 -138 23 128 -71 45 -78 150 -76 131 128 143 30 -115 51 -116 53 -138 130 2 6385225.062109662 8473767.140607072 7.095289732903129 0.0 
147 19 -76 92 -137 102 -149 140 10 -91 -30 -129 134 -111 47 -2 127 141 85 100 59 71 -142 94 -195 -90 -170 -112 -105 -196 -93 -174 114 79 42 70 8 21 67 40 182 -89 -78 -90 -119 -103 -105 -122 -86 -192 106 145 164 96 41 1 -147 36 -110 134 6 -111 -104 -77 151 -74 33 -76 158 -37 130 128 146 30 -114 52 -116 75 -134 130 3 5848035.979361222 1.452954280206667E7 110.31836813909547 0.0 
146 22 -73 92 -140 112 -149 140 11 -91 -31 -129 136 -112 118 -25 127 111 86 80 36 79 -105 96 -93 -89 -132 -113 -108 -68 -74 -173 4 51 41 73 8 23 49 39 185 -131 -78 -84 -120 -103 -105 -116 -88 -188 109 144 168 48 40 -3 -146 44 -110 124 11 -113 -105 -78 158 -73 43 -75 158 -39 129 129 145 30 -116 52 -116 75 -134 130 1 6108581.4428107245 1.0726882932145935E7 62.02071743038879 0.0 
145 21 -116 98 -135 109 -144 141 10 -84 -34 -117 170 -68 58 9 145 140 84 97 59 71 -139 100 -167 -82 -81 -42 -110 -194 -196 -198 85 33 35 69 84 101 67 34 182 -186 -92 -128 -105 -42 -106 -182 -83 -189 106 131 117 104 113 10 -79 54 -109 134 5 -142 -109 -91 121 -144 32 -77 153 12 127 127 121 6 -106 123 -141 136 -148 131 0 5647008.154677124 1.837684079585844E7 3.6166079511317694E-4 0.0 
146 22 -73 92 -137 100 -148 140 11 -95 -30 -129 128 -112 38 -3 127 141 85 97 69 71 -140 95 -195 -90 -171 -114 -105 -198 -99 -174 113 77 41 69 8 22 67 39 190 -85 -78 -90 -119 -103 -108 -123 -86 -191 106 145 164 98 47 -3 -146 54 -111 134 11 -113 -104 -76 152 -74 36 -75 159 -39 130 128 146 29 -114 51 -116 77 -133 130 3 5829489.721552488 1.4933526907668546E7 126.4108823169246 0.0 
145 21 -116 96 -135 106 -143 141 10 -84 -32 -115 172 -75 58 3 145 140 84 97 57 71 -139 100 -176 -82 -81 -42 -109 -196 -196 -198 83 34 35 70 84 105 66 35 183 -186 -93 -128 -105 -42 -106 -180 -82 -189 106 131 120 48 121 2 -75 50 -109 135 4 -143 -109 -91 121 -144 32 -71 152 12 130 126 121 7 -107 123 -142 136 -148 131 1 5689880.064756391 1.7292801707316197E7 52.251705281194376 0.0 
146 22 -75 88 -131 113 -136 140 10 -90 -32 -74 135 -112 90 -38 147 139 76 80 35 103 -104 53 -98 -69 -137 -114 -107 -69 -82 -159 -2 56 42 74 7 23 49 38 179 -130 -81 -87 -109 -103 -101 -109 -64 110 115 134 130 65 -95 -87 -145 57 -110 105 13 -83 -138 21 132 -71 47 -78 163 -77 127 128 143 30 -115 53 -116 54 -138 130 2 6355974.567756182 8676686.543948807 2.604326493707621E-4 0.0 
146 22 -73 92 -140 100 -148 140 11 -94 -30 -129 135 -115 47 -15 128 142 84 96 55 70 -140 95 -182 -90 -172 -113 -105 -72 -149 -173 128 80 42 70 8 22 46 55 184 -92 -76 -90 -120 -103 -105 -116 -88 -182 106 144 164 65 46 2 -149 55 -110 137 11 -114 -106 -78 151 -73 31 -75 158 -38 130 130 145 30 -114 51 -116 82 -134 130 4 6057675.979563468 1.1154471645887656E7 173.61349501881983 0.0 
147 19 -75 94 -139 102 -149 140 11 -95 -30 -129 152 -112 48 -2 128 141 85 100 54 70 -138 98 -195 -90 -168 -114 -105 -73 -152 -174 115 79 43 70 8 21 48 40 182 -92 -78 -90 -119 -103 -105 -119 -86 -190 106 144 164 95 41 -2 -145 43 -110 137 6 -113 -104 -77 155 -73 35 -76 159 -39 130 128 146 30 -114 52 -116 77 -134 131 3 5888506.895665167 1.379519983797322E7 123.74015370048616 0.0 
145 21 -117 130 -135 107 -144 141 10 -83 -34 -117 172 -124 58 9 145 140 84 98 60 71 -138 99 -183 -82 -81 -42 -110 -196 -197 -198 87 41 35 69 84 105 66 35 183 -186 -90 -128 -105 -42 -106 -180 -84 -189 106 131 148 104 114 3 -77 52 -109 134 6 -166 -109 -90 121 -144 31 -69 152 12 127 127 121 7 -105 123 -137 136 -148 131 1 5609905.368107175 1.881744166836849E7 481.60238520592475 0.0 
147 22 -72 94 -140 103 -148 141 10 -91 -30 -129 135 -114 43 -1 128 142 112 88 56 71 -140 96 -196 -90 -170 -113 -104 -67 -151 -179 114 80 42 70 8 22 49 39 182 -92 -76 -90 -119 -103 -105 -118 -86 -182 106 144 164 62 40 -3 -145 40 -110 137 11 -114 -106 -77 151 -75 44 -74 164 -39 130 130 146 30 -114 52 -116 82 -134 130 3 6039719.474361829 1.14907488410645E7 122.23438465373412 0.0 
146 23 -72 92 -139 103 -148 140 11 -94 -31 -129 136 -114 119 -25 126 111 86 72 35 78 -100 94 -93 -89 -132 -113 -108 -68 -74 -173 3 47 41 73 8 23 49 41 185 -131 -78 -80 -119 -103 -105 -123 -88 -181 106 144 163 49 40 -3 -145 44 -110 124 11 -87 -106 -77 158 -73 43 -75 158 -39 129 129 145 30 -116 52 -117 80 -134 130 3 6138454.678371978 1.025621655035488E7 2.9202129056554174E-4 0.0 
147 20 -76 92 -137 103 -148 140 11 -91 -30 -130 134 -115 46 -2 127 116 85 89 55 70 -140 94 -196 -90 -168 -111 -105 -63 -148 -173 115 80 43 70 8 21 49 41 183 -93 -76 -90 -119 -103 -105 -116 -86 -181 111 143 164 97 45 2 -147 61 -110 134 11 -111 -104 -78 152 -73 31 -76 159 -39 130 128 144 30 -114 52 -116 81 -134 130 3 6039534.29471438 1.1642800379038928E7 3.1141171503806456E-4 0.0 
147 21 -75 88 -139 113 -149 140 11 -91 -31 -75 135 -112 88 -28 148 117 91 81 33 100 -105 55 -98 -86 -135 -113 -102 -81 -79 -160 0 51 35 71 8 23 45 39 181 -131 -80 -89 -109 -103 -101 -71 -81 -162 114 134 131 56 45 0 -145 57 -110 123 6 -86 -134 -65 145 -71 43 -75 138 -56 125 128 144 31 -115 52 -92 71 -137 130 0 6197387.345993692 9701492.09238978 2.6995447345701365E-4 0.0 
147 19 -76 94 -139 101 -148 140 10 -92 -30 -129 134 -115 47 -2 128 141 113 89 55 70 -140 98 -196 -90 -172 -111 -105 -63 -152 -174 114 75 42 70 8 22 49 51 186 -84 -76 -90 -119 -102 -105 -116 -86 -181 106 144 164 87 41 2 -147 42 -110 133 11 -113 -105 -77 152 -72 31 -76 159 -39 130 129 144 30 -114 52 -116 81 -134 130 3 5939706.763187694 1.286580126048612E7 126.29271105693668 0.0 
146 20 -76 92 -137 103 -148 140 11 -91 -30 -104 151 -115 44 -2 128 141 114 89 55 69 -140 95 -196 -90 -168 -111 -105 -67 -148 -173 115 79 41 70 8 21 49 49 183 -84 -78 -90 -119 -103 -105 -122 -86 -190 106 143 165 96 46 2 -147 43 -110 138 11 -111 -106 -77 151 -72 31 -76 158 -39 130 128 144 30 -114 51 -116 72 -134 130 3 5906024.657066862 1.3474651336870277E7 108.13051964547924 0.0 
145 21 -116 92 -134 107 -144 141 10 -77 -34 -117 169 -73 58 10 140 140 84 97 59 71 -139 100 -166 -82 -80 -42 -110 -196 -197 -198 84 40 35 69 84 100 67 34 182 -186 -93 -128 -105 -42 -105 -175 -83 -189 106 131 120 48 121 12 -75 53 -109 134 5 -142 -109 -91 121 -143 31 -79 152 12 127 127 121 7 -106 124 -142 137 -148 131 1 5699458.705305038 1.7163638852482323E7 3.5319245552243585E-4 0.0 
145 21 -116 96 -135 109 -143 141 10 -84 -34 -80 171 -71 57 4 145 140 84 97 57 69 -138 100 -167 -76 -81 -42 -110 -198 -196 -199 88 32 35 69 84 132 66 34 183 -185 -82 -128 -105 -43 -106 -179 -82 -189 105 131 126 55 120 10 -75 53 -107 134 5 -143 -110 -89 121 -144 32 -77 153 12 127 126 121 6 -107 123 -138 136 -148 131 1 5687271.060073878 1.7605916465508644E7 3.612499723904905E-4 0.0 
145 21 -116 99 -135 109 -144 141 10 -84 -34 -117 173 -72 58 9 145 140 84 97 59 71 -139 100 -167 -82 -81 -42 -110 -194 -196 -198 85 33 35 69 84 101 67 34 182 -186 -92 -128 -105 -42 -106 -182 -83 -189 104 131 117 104 113 10 -79 54 -109 134 5 -142 -109 -91 121 -144 32 -77 153 12 127 126 121 6 -106 123 -141 136 -148 131 0 5658532.309296535 1.8094357471780386E7 3.5813584295831853E-4 0.0 
142 21 -116 93 -134 110 -144 141 10 -84 -34 -119 173 -73 58 12 141 140 84 97 57 71 -139 99 -164 -74 -80 -42 -109 -196 -197 -199 83 40 35 69 84 105 67 34 182 -194 -93 -128 -105 -42 -105 -175 -84 -189 106 131 124 49 121 12 -76 52 -119 134 6 -142 -109 -89 121 -144 31 -79 152 12 127 126 121 7 -105 123 -137 137 -148 131 1 5765119.299573711 1.5974903029252002E7 3.419696151892513E-4 0.0 
146 21 -75 88 -139 114 -148 140 12 -90 -32 -75 135 -115 91 -28 147 139 78 89 35 100 -105 52 -98 -67 -139 -113 -108 -76 -79 -164 4 44 42 71 7 23 49 39 181 -130 -81 -81 -110 -103 -101 -67 -74 -165 114 134 126 64 -95 -87 -145 55 -110 129 13 -83 -138 21 132 -71 46 -78 152 -70 127 128 143 30 -115 45 -116 55 -137 129 2 6280490.407013765 9060937.783281108 2.7295433256632626E-4 0.0 
145 21 -76 89 -140 113 -136 140 11 -94 -31 -75 135 -116 86 -29 135 115 76 81 33 99 -105 55 -98 -85 -124 -114 -108 -68 -94 -159 17 73 42 69 9 23 50 39 179 -117 -83 -88 -109 -103 -101 -108 -64 115 108 136 -28 -61 -95 -90 -145 57 -110 98 -7 -85 -113 22 131 -71 43 -77 154 -75 158 128 143 30 -116 51 -116 51 -138 130 3 6520913.829890787 7993481.632367821 2.3914287522861096E-4 0.0 
147 22 -76 92 -139 103 -148 140 10 -91 -30 -128 152 -115 44 -2 128 141 113 89 55 71 -140 91 -196 -90 -168 -111 -105 -67 -152 -187 115 79 43 70 8 21 49 40 183 -84 -78 -90 -119 -103 -104 -121 -87 -190 106 142 165 89 46 2 -145 55 -110 137 11 -111 -106 -77 152 -73 31 -76 158 -39 130 128 144 30 -114 51 -116 73 -134 130 3 5875819.701103846 1.3943040555176385E7 108.98087727999595 0.0 
147 21 -75 88 -139 108 -149 140 11 -89 -31 -75 134 -115 88 -28 146 121 81 83 35 103 -107 56 -98 -88 -136 -113 -103 -75 -79 -164 0 51 41 69 7 21 44 37 181 -131 -80 -89 -109 -103 -101 -116 -81 -165 112 143 131 51 42 0 -145 54 -112 119 1 -86 -102 -75 158 -71 36 -75 140 -77 127 130 143 30 -115 52 -116 67 -138 130 0 6179123.157269892 9927126.89724314 2.706088761706862E-4 0.0 
160 21 -117 93 -134 109 -143 141 10 -79 -38 -80 173 -71 59 11 144 140 84 98 58 70 -139 95 -167 -74 -81 -42 -109 -197 -196 -198 84 33 35 69 84 105 66 34 182 -185 -88 -128 -105 -42 -107 -179 -82 -186 106 131 124 46 121 9 -75 53 -109 134 5 -142 -109 -89 121 -143 32 -77 151 12 128 126 121 7 -107 123 -137 135 -147 131 1 5815400.073229552 1.529174297263758E7 3.4077435927479585E-4 0.0 
147 19 -76 93 -140 101 -148 140 11 -92 -30 -128 152 -114 44 -2 128 141 115 89 56 70 -142 94 -196 -90 -169 -111 -105 -63 -152 -174 114 76 42 70 8 21 49 40 186 -90 -76 -90 -119 -103 -105 -121 -88 -181 106 143 164 96 41 2 -147 41 -110 136 13 -111 -106 -77 151 -71 31 -76 159 -39 130 128 144 30 -114 51 -116 72 -134 130 3 5949395.354766534 1.2724587351737423E7 107.5709433605793 0.0 
146 21 -116 96 -135 107 -143 141 10 -77 -34 -117 172 -71 58 12 145 140 84 97 58 71 -139 99 -167 -74 -81 -42 -110 -197 -196 -198 83 32 35 69 84 102 66 34 183 -186 -90 -128 -105 -42 -106 -180 -82 -189 106 131 149 105 122 3 -76 54 -109 134 5 -166 -109 -91 121 -144 32 -80 152 12 128 126 121 7 -106 123 -142 137 -148 130 1 5648393.834456723 1.804406124915492E7 139.52544845155833 0.0 
146 21 -116 129 -117 112 -144 141 10 -84 -34 -116 173 -67 58 2 145 140 85 98 59 71 -139 100 -164 -81 -81 -42 -110 -198 -196 -198 82 43 35 69 84 99 66 34 183 -189 -87 -128 -105 -42 -106 -180 -84 -188 105 132 120 103 122 10 -78 50 -109 135 5 -166 -109 -89 121 -143 32 -70 153 12 127 127 121 5 -107 123 -142 137 -148 131 0 5639285.065280746 1.8837636292205114E7 3.5865518743573413E-4 0.0 
146 21 -116 98 -134 109 -143 141 10 -84 -34 -116 172 -71 58 2 145 140 84 97 57 71 -139 100 -177 -76 -81 -42 -109 -197 -196 -199 84 36 37 69 84 102 67 35 183 -186 -74 -128 -105 -42 -104 -175 -82 -189 105 131 120 47 122 9 -75 50 -119 134 4 -143 -109 -91 121 -144 32 -79 152 12 128 126 121 8 -107 124 -137 136 -148 131 1 5759536.416220989 1.5961158064893082E7 53.18755278587375 0.0 
146 21 -116 94 -135 101 -142 141 10 -85 -34 -80 172 -71 59 12 145 140 84 97 58 71 -139 99 -177 -74 -81 -42 -108 -196 -196 -198 84 32 37 69 84 102 66 34 183 -191 -89 -128 -105 -42 -106 -180 -82 -189 106 131 150 104 122 2 -76 50 -109 134 6 -165 -109 -91 121 -143 32 -80 152 12 128 127 121 5 -107 123 -141 137 -148 129 1 5659043.692124592 1.7848737482434E7 212.06890126068237 0.0 
146 23 -73 96 -139 114 -148 140 11 -91 -31 -129 135 -114 118 -25 148 112 86 80 36 79 -105 95 -93 -89 -139 -114 -108 -68 -74 -174 5 47 41 73 8 23 49 39 184 -131 -78 -84 -119 -103 -105 -124 -89 -181 106 158 124 48 40 -3 -146 44 -110 124 11 -87 -132 -77 158 -73 43 -75 158 -39 129 129 145 30 -116 53 -116 80 -134 131 3 6168571.379652375 1.0009501734923206E7 2.9272156365033953E-4 0.0 
140 21 -116 134 -135 94 -144 141 10 -84 -34 -116 172 -124 58 2 145 140 84 97 56 71 -139 100 -168 -82 -81 -42 -110 -197 -196 -198 83 36 35 70 84 105 66 34 183 -184 -89 -128 -105 -42 -106 -180 -82 -189 106 131 148 104 121 4 -75 49 -109 134 5 -166 -110 -90 121 -144 31 -68 152 12 127 126 121 7 -104 123 -142 136 -148 131 0 5619585.836844558 1.8695590447726287E7 310.4790589481995 0.0 
145 21 -116 108 -113 112 -143 141 10 -84 -34 -117 173 -120 58 11 145 140 85 97 59 71 -139 99 -164 -82 -81 -42 -110 -196 -196 -198 85 40 35 70 84 101 66 35 183 -186 -80 -128 -105 -42 -106 -180 -84 -189 105 132 124 112 122 2 -78 50 -109 134 5 -166 -109 -89 121 -143 32 -70 152 12 127 126 121 7 -107 123 -137 137 -148 131 1 5587582.779437804 1.9799124792056084E7 50.71027597990197 0.0 
142 21 -116 105 -135 109 -144 141 10 -80 -34 -80 173 -75 58 2 144 140 84 98 59 71 -134 100 -167 -76 -81 -42 -109 -197 -196 -198 86 40 37 69 84 102 60 35 183 -192 -92 -128 -105 -43 -106 -180 -82 -188 105 131 124 55 122 1 -75 46 -108 134 6 -142 -110 -91 121 -143 31 -70 153 12 129 126 121 7 -107 123 -141 135 -148 131 1 5672009.284392047 1.7656563867557887E7 11.374295375877713 0.0 
144 21 -116 132 -117 108 -143 141 10 -77 -34 -116 173 -58 58 11 145 140 85 97 59 71 -139 100 -164 -81 -81 -42 -109 -194 -196 -198 83 34 35 70 84 102 67 35 183 -186 -89 -128 -105 -42 -106 -180 -83 -188 106 131 120 104 121 2 -78 49 -109 134 5 -169 -109 -91 121 -143 32 -69 152 12 130 126 121 8 -105 125 -141 136 -148 131 1 5602100.707286489 1.9458305855121333E7 11.953463790202715 0.0 
162 24 -116 106 -134 109 -143 141 10 -85 -34 -79 172 -69 57 12 145 140 84 97 58 70 -139 99 -165 -75 -81 -42 -109 -197 -196 -198 83 40 35 69 84 105 66 34 182 -185 -88 -128 -105 -42 -107 -180 -82 -189 106 131 124 45 122 12 -75 51 -108 135 6 -142 -109 -91 121 -144 32 -77 153 12 128 126 121 6 -107 123 -142 135 -148 131 1 5729918.666172408 1.6747236872248407E7 3.585649781089474E-4 0.0 
147 21 -116 93 -134 111 -140 141 10 -83 -34 -117 173 -66 58 9 145 140 84 97 56 65 -139 95 -167 -82 -81 -42 -110 -196 -196 -198 84 36 37 69 84 101 67 34 183 -193 -87 -128 -105 -42 -106 -180 -82 -190 105 132 150 103 113 3 -75 50 -108 134 6 -165 -109 -91 121 -143 32 -69 152 12 128 126 121 5 -107 123 -141 136 -148 131 1 5629901.796898448 1.847877374063443E7 140.19065826751543 0.0 
146 21 -116 132 -135 109 -142 141 10 -84 -32 -117 172 -72 58 11 145 140 84 94 58 70 -139 100 -163 -81 -81 -42 -108 -194 -197 -198 83 34 35 70 84 102 67 34 183 -186 -89 -127 -105 -42 -106 -180 -82 -189 106 131 149 103 122 2 -75 49 -105 134 6 -163 -109 -89 121 -144 31 -69 152 12 129 126 121 7 -107 123 -137 136 -148 131 1 5618716.949343959 1.8776293588532627E7 135.38598116805557 0.0 
146 21 -116 129 -117 107 -143 141 10 -83 -34 -80 171 -71 58 10 145 140 85 97 57 70 -139 99 -170 -82 -80 -42 -109 -195 -196 -198 83 32 37 70 84 101 66 34 182 -191 -88 -128 -105 -42 -106 -180 -82 -189 106 131 122 105 121 0 -75 50 -109 134 6 -166 -110 -100 121 -145 31 -70 152 12 128 127 121 7 -107 124 -142 135 -148 131 1 5637637.036250282 1.87934412672867E7 11.499733748877183 0.0 
145 21 -116 130 -116 109 -142 141 10 -83 -34 -117 172 -125 68 10 145 140 84 97 59 70 -139 99 -164 -83 -81 -42 -110 -195 -196 -196 84 41 35 70 84 102 67 34 182 -193 -84 -128 -105 -42 -106 -180 -82 -190 106 132 120 104 122 2 -78 51 -108 134 6 -164 -109 -89 121 -143 30 -69 152 12 128 126 121 5 -107 123 -137 136 -148 131 1 5589157.762697059 1.963260132973584E7 52.593081748483314 0.0 
146 19 -76 94 -140 100 -148 140 11 -92 -28 -129 134 -112 47 -2 127 111 87 89 54 71 -140 94 -195 -90 -181 -113 -104 -72 -151 -188 114 75 43 70 8 22 49 39 190 -89 -78 -90 -118 -103 -105 -121 -86 -190 112 144 148 96 41 1 -147 56 -110 133 11 -113 -105 -77 154 -72 34 -76 159 -40 130 128 146 30 -114 51 -116 76 -134 130 3 5899072.466642204 1.3695766933095343E7 55.09083412878166 0.0 
144 21 -117 106 -134 108 -143 141 10 -84 -34 -117 169 -70 58 13 145 140 84 97 57 71 -140 96 -166 -76 -81 -42 -109 -196 -196 -198 82 36 37 70 84 100 66 35 183 -186 -91 -128 -105 -42 -106 -180 -84 -189 106 131 120 47 122 0 -75 50 -109 135 6 -143 -109 -91 121 -144 32 -80 153 12 128 127 121 7 -106 123 -141 136 -148 131 1 5709981.88074683 1.6954245272418685E7 11.343358979910024 0.0 
145 21 -116 132 -117 116 -144 141 10 -84 -34 -116 172 -45 58 -8 145 140 84 97 57 71 -139 99 -168 -81 -80 -42 -109 -194 -197 -198 82 41 35 70 84 105 66 35 183 -186 -91 -128 -105 -42 -106 -180 -83 -192 102 131 124 104 121 2 -78 53 -109 134 5 -140 -109 -91 121 -143 32 -70 152 12 127 126 121 7 -107 123 -142 136 -148 131 1 5607359.32697447 1.930102837872872E7 14.94263576593122 0.0 
146 21 -116 130 -137 109 -142 141 10 -84 -34 -117 172 -120 58 -4 122 140 84 97 58 70 -139 101 -184 -81 -80 -42 -110 -194 -196 -198 83 40 34 69 84 105 67 34 182 -186 -88 -128 -105 -42 -106 -180 -82 -186 106 132 125 47 122 8 -75 50 -109 134 6 -143 -109 -89 121 -144 31 -69 155 12 127 127 121 7 -106 123 -137 136 -148 131 1 5739656.900013425 1.6399581045172185E7 339.3349426024961 0.0 
142 21 -116 104 -135 110 -142 141 10 -80 -34 -115 168 -75 58 9 145 140 84 98 59 71 -138 100 -167 -76 -81 -41 -109 -195 -196 -198 86 29 37 68 84 102 66 35 183 -185 -92 -128 -105 -42 -106 -180 -82 -188 106 131 124 103 115 1 -75 53 -108 134 6 -142 -110 -91 121 -143 31 -69 152 12 129 126 121 7 -107 123 -142 135 -148 131 1 5647700.908341038 1.817519250613044E7 11.48393498058693 0.0 
145 21 -116 105 -135 101 -143 141 10 -83 -34 -80 173 -68 58 8 145 140 84 97 58 70 -139 99 -167 -74 -81 -42 -109 -198 -196 -199 87 40 35 70 85 105 66 34 183 -185 -91 -128 -105 -42 -106 -183 -83 -189 106 131 150 104 114 3 -76 52 -116 134 6 -162 -109 -90 121 -144 32 -78 152 12 128 126 121 7 -107 123 -137 136 -148 131 1 5719824.466515952 1.6681736426348995E7 175.7075376280522 0.0 
147 21 -116 92 -135 109 -143 141 10 -83 -34 -80 173 -67 58 12 143 140 85 98 59 70 -139 99 -167 -74 -81 -42 -109 -198 -196 -198 85 34 35 69 84 102 66 34 183 -191 -80 -128 -105 -42 -106 -179 -82 -189 105 131 125 51 115 11 -75 54 -116 134 5 -142 -109 -89 121 -146 32 -78 152 12 127 127 121 5 -107 125 -137 136 -148 131 1 5748036.967905476 1.6408804315316925E7 3.5233433216526474E-4 0.0 
145 21 -117 96 -135 109 -143 141 10 -79 -34 -80 170 -70 58 13 145 140 84 97 57 71 -140 96 -167 -76 -81 -42 -109 -198 -196 -198 84 40 35 70 84 102 68 35 183 -186 -90 -128 -105 -42 -106 -180 -84 -189 106 131 125 49 122 0 -76 50 -109 134 6 -142 -109 -89 121 -144 32 -80 153 12 127 126 121 7 -106 124 -141 136 -148 131 1 5728802.183159683 1.6699211863574583E7 11.117808401816628 0.0 
141 21 -116 98 -134 109 -143 141 10 -80 -34 -80 172 -74 58 2 145 140 85 98 58 71 -139 100 -167 -75 -80 -42 -109 -196 -197 -198 83 34 38 69 84 100 60 35 182 -185 -92 -128 -105 -42 -106 -180 -82 -188 106 131 124 48 120 2 -75 53 -116 135 5 -143 -110 -91 121 -144 32 -70 152 12 127 126 121 7 -107 123 -142 136 -148 131 1 5767458.881200211 1.5851807819493031E7 11.55127435608691 0.0 
146 19 -76 94 -137 103 -148 140 10 -91 -30 -129 133 -113 44 -2 128 115 114 89 55 71 -142 94 -196 -90 -169 -113 -106 -67 -151 -173 114 77 42 70 8 22 49 48 181 -93 -78 -90 -119 -103 -105 -115 -87 -182 106 143 164 99 46 2 -147 55 -110 137 11 -111 -106 -77 151 -73 30 -76 164 -39 130 128 144 30 -114 51 -116 81 -134 130 3 5955455.554528693 1.2707238615159594E7 3.243267250208652E-4 0.0 
162 21 -116 94 -134 109 -143 141 10 -79 -34 -79 171 -71 57 12 145 140 84 97 58 70 -139 99 -167 -75 -80 -42 -109 -197 -196 -198 83 32 35 69 84 105 66 34 182 -185 -93 -128 -105 -42 -107 -180 -82 -186 106 131 124 47 122 10 -75 54 -108 134 6 -142 -110 -91 121 -143 32 -77 151 12 128 126 121 6 -106 124 -141 135 -148 131 1 5797922.92688787 1.5552743937243512E7 3.4529659812553265E-4 0.0 
145 21 -116 96 -135 109 -143 141 10 -84 -34 -79 171 -71 58 9 145 140 84 97 58 71 -138 100 -163 -76 -81 -42 -109 -197 -196 -198 83 40 35 70 84 105 68 34 183 -188 -90 -128 -105 -42 -106 -180 -84 -189 106 131 124 51 106 2 -75 54 -108 134 6 -142 -109 -94 121 -144 32 -69 153 12 128 126 121 6 -106 124 -143 135 -148 131 1 5719950.082024575 1.6799532324326195E7 14.179934605373976 0.0 
146 19 -76 94 -140 103 -148 140 10 -91 -30 -129 152 -115 44 -2 128 111 114 89 55 71 -142 94 -196 -90 -169 -113 -106 -67 -151 -173 114 75 42 70 8 22 49 40 181 -84 -78 -90 -119 -103 -105 -121 -86 -182 106 143 164 99 46 2 -147 55 -110 137 11 -113 -106 -77 151 -75 31 -76 158 -39 130 128 144 30 -114 51 -116 81 -134 130 3 5965356.031577776 1.2577998863963341E7 3.206118227026286E-4 0.0 
160 21 -116 105 -134 109 -143 141 10 -79 -34 -80 173 -71 59 13 144 140 84 97 59 71 -139 100 -165 -74 -81 -42 -109 -197 -197 -198 84 33 35 67 84 105 66 34 182 -186 -93 -128 -105 -42 -106 -179 -83 -186 106 131 123 49 121 12 -75 55 -109 134 5 -142 -109 -89 121 -143 32 -77 151 12 129 126 121 6 -106 124 -137 135 -147 131 1 5807473.1344975 1.5358275210775401E7 3.42048107891118E-4 0.0 
141 21 -116 98 -135 110 -142 141 10 -84 -34 -80 173 -74 58 2 145 140 85 98 57 71 -139 99 -167 -76 -80 -42 -109 -197 -196 -198 83 40 37 69 84 102 62 34 182 -193 -89 -128 -105 -42 -105 -180 -82 -189 106 131 121 49 121 11 -76 52 -109 134 5 -142 -109 -91 121 -144 31 -68 153 12 128 127 121 7 -106 123 -142 135 -148 131 1 5718901.846233896 1.6872656549118556E7 3.598022011543519E-4 0.0 
145 21 -116 128 -135 106 -142 141 10 -84 -34 -80 171 -71 58 4 145 140 84 97 57 70 -139 100 -167 -74 -81 -42 -109 -198 -196 -198 83 34 35 70 84 100 68 34 182 -186 -91 -128 -105 -42 -106 -180 -83 -187 106 131 123 46 122 3 -75 53 -116 134 5 -140 -110 -89 121 -143 31 -70 152 12 128 127 121 7 -106 123 -137 136 -148 131 1 5788066.753393843 1.556630124506061E7 11.53572688341396 0.0 
151 21 -116 98 -135 109 -144 141 10 -80 -34 -80 171 -74 58 11 144 140 84 98 57 71 -139 99 -167 -75 -81 -42 -108 -197 -196 -198 101 32 35 70 84 102 66 34 182 -190 -90 -128 -105 -42 -104 -180 -83 -189 105 131 124 52 113 2 -75 54 -116 134 6 -143 -110 -91 121 -145 32 -80 153 12 127 126 121 6 -105 135 -138 123 -148 131 1 5798807.386752273 1.5489630730817433E7 10.677531158111275 0.0 
146 22 -72 93 -139 101 -149 141 11 -92 -30 -129 152 -113 46 5 127 111 117 89 56 70 -140 95 -191 -90 -170 -112 -104 -63 -151 -174 120 78 43 74 8 22 49 40 192 -93 -78 -90 -119 -103 -105 -119 -86 -178 106 128 164 58 42 -3 -145 40 -110 126 7 -111 -105 -78 152 -75 37 -76 158 -39 130 128 144 29 -114 52 -116 76 -134 130 3 6058851.83046368 1.1245338722329013E7 112.31924101480621 0.0 
143 21 -116 130 -134 109 -144 141 10 -83 -34 -117 172 -119 58 10 141 140 85 98 59 71 -139 100 -175 -73 -80 -42 -108 -198 -196 -197 83 34 37 69 84 101 67 34 183 -186 -88 -128 -105 -42 -106 -180 -83 -189 106 131 161 104 113 3 -77 55 -108 134 6 -166 -109 -91 119 -144 32 -69 153 12 127 127 121 7 -106 124 -141 136 -148 131 0 5619059.824250358 1.85859975531819E7 571.3218235474843 0.0 
146 22 -75 88 -131 114 -148 140 11 -90 -32 -75 135 -115 91 -28 149 139 80 88 32 100 -106 53 -98 -69 -139 -114 -108 -76 -78 -164 4 44 35 73 7 23 55 39 181 -130 -81 -89 -110 -103 -101 -67 -74 -166 113 134 126 65 -95 -87 -145 57 -110 129 6 -83 -135 23 132 -71 43 -78 152 -75 127 128 143 30 -115 52 -116 55 -137 130 2 6245456.401521875 9307801.801413136 2.7189781890848513E-4 0.0 
142 21 -116 132 -116 109 -144 141 10 -83 -34 -117 171 -116 58 10 145 140 84 97 60 71 -139 99 -167 -81 -81 -41 -110 -197 -196 -199 83 39 35 69 84 105 66 35 183 -186 -90 -128 -105 -42 -106 -178 -83 -189 105 131 150 103 114 3 -77 53 -109 134 5 -165 -109 -91 121 -143 31 -68 153 12 127 126 121 6 -106 124 -142 136 -148 131 1 5588544.070873569 1.947420370585172E7 179.51329489222948 0.0 
143 21 -116 105 -134 116 -144 139 10 -83 -38 -80 173 -71 59 12 144 140 84 98 55 71 -141 100 -164 -74 -81 -42 -109 -197 -196 -198 84 34 37 69 84 105 66 34 183 -185 -88 -128 -105 -42 -107 -179 -83 -189 105 131 124 49 122 9 -75 56 -109 134 5 -142 -109 -91 121 -143 32 -76 153 12 128 126 121 7 -106 123 -142 136 -147 131 1 5739612.796081486 1.6526277201427815E7 3.558560140903534E-4 0.0 
142 21 -116 131 -135 109 -143 141 10 -84 -34 -117 172 -69 59 14 145 140 84 97 57 71 -139 100 -170 -82 -80 -42 -110 -194 -197 -198 84 39 35 70 84 105 66 34 183 -185 -88 -128 -105 -42 -106 -180 -83 -189 106 131 148 105 113 2 -78 50 -109 135 6 -166 -109 -89 121 -144 32 -78 152 12 127 126 121 5 -106 123 -142 136 -148 131 1 5627766.482726152 1.8572227278228708E7 140.07092186237784 0.0 
142 21 -116 131 -114 114 -144 141 10 -83 -34 -117 173 -70 58 8 145 140 84 97 59 70 -139 100 -168 -82 -81 -42 -110 -194 -196 -198 82 41 37 70 84 106 66 34 182 -192 -88 -128 -105 -42 -106 -183 -83 -189 106 131 148 103 113 1 -78 50 -109 134 5 -166 -109 -90 121 -143 32 -69 152 12 127 126 121 7 -107 123 -142 136 -148 131 1 5598906.004430748 1.9304052865348868E7 138.140884577816 0.0 
143 21 -117 129 -135 107 -142 141 10 -83 -34 -117 171 -124 58 2 140 140 84 97 58 70 -139 99 -167 -75 -80 -42 -110 -197 -196 -198 87 41 35 69 84 105 67 35 182 -186 -76 -128 -105 -42 -106 -180 -84 -188 106 132 121 103 123 2 -77 54 -109 134 5 -165 -110 -91 121 -144 32 -69 152 12 127 126 121 7 -105 123 -137 137 -148 131 1 5629238.824792175 1.871464169261633E7 50.977396814133066 0.0 
146 21 -116 108 -113 113 -143 141 10 -84 -34 -119 173 -69 58 2 145 140 85 97 62 71 -140 99 -164 -82 -81 -42 -110 -196 -196 -198 85 40 35 70 84 101 66 34 182 -186 -80 -128 -105 -42 -106 -178 -84 -188 105 132 120 104 123 10 -78 50 -108 135 5 -166 -109 -89 121 -144 32 -70 153 12 128 127 121 5 -107 123 -137 137 -148 131 1 5619946.688463718 1.915485695039993E7 3.5670233041642016E-4 0.0 
146 22 -75 88 -131 114 -135 140 11 -90 -31 -75 135 -113 90 -28 148 138 76 81 34 102 -106 52 -98 -69 -136 -114 -108 -73 -97 -159 -1 53 35 73 7 23 49 39 181 -129 -81 -88 -109 -103 -101 -109 -65 110 108 136 126 57 -95 -87 -145 57 -110 105 13 -87 -134 23 131 -71 45 -78 150 -77 127 128 143 30 -115 51 -116 53 -138 130 2 6367895.139985698 8584884.55190105 2.580293228876618E-4 0.0 
146 21 -116 108 -116 113 -143 141 10 -85 -34 -117 147 -120 59 9 145 140 84 97 56 71 -139 99 -164 -82 -81 -42 -110 -196 -196 -198 85 34 35 70 84 105 66 35 182 -183 -88 -128 -105 -42 -106 -183 -84 -188 105 131 124 108 121 5 -78 51 -108 134 5 -166 -109 -89 121 -143 32 -70 152 12 128 127 121 7 -107 123 -137 137 -148 131 1 5599899.149846666 1.95662220515943E7 15.311876286325612 0.0 
146 22 -116 96 -134 109 -142 141 10 -79 -34 -79 173 -70 58 9 145 140 84 97 57 71 -140 100 -166 -74 -81 -42 -109 -198 -196 -198 84 41 35 70 84 102 68 34 183 -186 -90 -128 -105 -42 -106 -180 -84 -189 106 131 124 49 115 3 -76 53 -116 134 6 -142 -110 -89 121 -144 32 -80 152 11 127 126 121 7 -106 124 -137 136 -148 131 1 5778061.875097723 1.5696844752306141E7 14.23279023477017 0.0 
146 21 -116 108 -114 113 -143 141 10 -83 -34 -117 173 -120 58 11 145 140 85 97 59 71 -139 99 -164 -82 -81 -42 -110 -196 -196 -198 83 40 35 70 84 101 66 34 182 -185 -89 -128 -105 -42 -106 -178 -84 -188 106 132 125 108 123 2 -78 50 -108 134 5 -166 -109 -89 121 -143 32 -70 152 12 128 127 121 7 -107 124 -142 137 -148 131 1 5599534.643395966 1.947160273300595E7 50.56918956856737 0.0 
144 21 -116 107 -134 109 -143 141 10 -84 -34 -116 173 -68 56 10 144 140 84 97 57 71 -139 97 -166 -74 -81 -42 -110 -194 -197 -198 84 41 35 69 84 106 66 34 182 -185 -90 -128 -105 -43 -106 -180 -84 -189 106 131 123 59 111 1 -75 53 -108 134 6 -142 -110 -90 121 -144 32 -70 152 12 127 126 121 7 -107 124 -141 136 -148 130 0 5658869.1009605145 1.799753029629671E7 11.254908889482792 0.0 
147 19 -76 94 -134 101 -148 140 11 -94 -30 -129 134 -114 47 -2 127 112 125 89 54 70 -142 94 -195 -90 -181 -113 -104 -72 -152 -188 115 80 43 70 7 22 48 40 184 -89 -78 -90 -118 -103 -105 -119 -86 -190 106 145 137 93 41 0 -145 56 -110 134 10 -113 -105 -77 152 -72 44 -76 167 -35 130 128 146 30 -114 52 -116 76 -134 130 3 5899496.941977323 1.3720467908240534E7 3.3990315828238987E-4 0.0 
146 22 -72 84 -139 101 -148 140 11 -92 -30 -129 155 -114 46 -1 128 140 85 97 55 71 -142 92 -195 -90 -181 -113 -105 -62 -151 -174 119 53 41 69 8 21 49 39 191 -92 -76 -90 -119 -103 -105 -118 -86 -176 106 144 164 64 39 1 -145 43 -110 125 11 -111 -104 -78 152 -78 36 -76 168 -38 130 130 146 30 -114 51 -116 75 -134 130 3 5999404.225235006 1.199346777342615E7 178.9603164215415 0.0 
142 21 -116 108 -116 113 -142 141 10 -85 -34 -117 168 -120 60 9 145 140 84 97 56 71 -139 99 -164 -82 -81 -42 -110 -196 -196 -198 85 42 35 70 84 105 66 34 182 -184 -88 -128 -105 -42 -106 -183 -84 -188 105 132 124 108 121 3 -78 51 -108 134 5 -165 -109 -89 121 -143 32 -70 152 12 127 127 121 7 -107 123 -137 136 -148 131 1 5589504.904648211 1.957808707944974E7 52.70257107044372 0.0 
142 21 -116 93 -134 107 -144 141 10 -84 -34 -117 173 -73 58 12 141 140 84 97 59 71 -139 100 -165 -73 -80 -42 -108 -196 -197 -198 84 40 35 69 84 105 67 34 182 -186 -93 -128 -105 -42 -105 -175 -83 -189 106 131 120 106 121 12 -76 55 -108 134 6 -142 -109 -91 121 -144 31 -79 152 12 127 127 121 7 -106 124 -141 137 -148 131 1 5667240.513526699 1.7896287969181877E7 3.553326336447185E-4 0.0 
147 20 -76 92 -137 103 -148 140 11 -91 -30 -129 151 -115 44 -2 128 141 117 89 55 69 -140 94 -196 -90 -168 -111 -105 -67 -148 -173 115 79 41 70 8 21 49 50 183 -84 -78 -90 -119 -103 -104 -121 -86 -183 106 143 165 96 46 2 -147 42 -110 134 11 -111 -106 -77 151 -75 31 -76 158 -39 130 128 144 30 -114 69 -116 72 -134 130 3 5939960.912313454 1.2979756609076472E7 123.25848585733554 0.0 
148 22 -72 92 -137 101 -148 140 11 -92 -30 -130 134 -112 44 -2 128 116 123 100 56 68 -139 94 -196 -90 -170 -112 -105 -67 -149 -174 119 79 43 70 8 22 49 39 192 -84 -78 -90 -119 -103 -105 -121 -86 -181 112 144 164 66 46 2 -146 43 -110 134 6 -110 -106 -77 152 -73 30 -76 164 -39 130 129 146 30 -114 52 -116 75 -134 130 3 5986740.915229692 1.2176345098859336E7 3.2112133724291795E-4 0.0 
142 21 -116 131 -118 114 -143 141 10 -83 -34 -117 172 -68 58 14 145 140 84 97 57 71 -139 100 -167 -74 -80 -42 -110 -196 -197 -198 84 32 35 70 84 102 66 34 183 -185 -88 -128 -105 -42 -106 -180 -83 -189 106 131 148 105 113 2 -78 50 -109 135 6 -165 -109 -89 121 -145 32 -69 152 12 127 126 121 5 -106 123 -137 136 -148 131 1 5598731.9904719405 1.9250540211232007E7 141.06787112485634 0.0 
142 21 -116 131 -116 107 -144 141 10 -85 -34 -116 168 -116 67 9 145 140 84 97 57 70 -139 100 -165 -82 -81 -42 -108 -196 -196 -198 84 34 35 70 84 102 66 35 183 -186 -88 -128 -105 -42 -106 -183 -82 -189 106 131 150 103 113 7 -75 51 -109 134 6 -166 -109 -91 121 -144 32 -69 152 12 130 126 121 7 -106 123 -141 136 -148 131 1 5599710.773185807 1.919184384131804E7 178.22521702281196 0.0 
147 22 -72 92 -140 101 -148 140 11 -92 -27 -129 134 -111 47 -3 127 109 85 99 55 71 -140 94 -195 -90 -171 -114 -105 -67 -151 -173 119 79 41 70 8 22 49 40 186 -85 -78 -90 -119 -102 -105 -119 -88 -178 112 142 165 63 40 2 -147 53 -110 133 11 -114 -106 -77 151 -73 30 -74 165 -39 130 128 145 29 -114 52 -116 75 -134 130 3 5998898.207457197 1.2045388673694491E7 3.2198482340543784E-4 0.0 
145 21 -116 130 -135 109 -142 141 10 -83 -34 -117 172 -125 68 9 145 140 84 97 57 70 -139 99 -164 -83 -81 -42 -110 -195 -196 -196 84 41 35 70 84 102 67 35 183 -193 -84 -128 -105 -42 -106 -180 -84 -190 106 132 120 104 122 2 -78 51 -108 134 6 -164 -109 -89 121 -144 30 -69 153 12 127 126 121 5 -107 123 -137 136 -148 131 1 5629825.962237348 1.8610377813015856E7 51.84230797167983 0.0 
146 21 -116 130 -115 109 -143 141 10 -85 -34 -116 172 -52 67 -4 145 140 84 97 56 71 -139 99 -159 -74 -82 -42 -110 -194 -196 -198 86 41 34 69 84 102 66 34 182 -186 -92 -128 -105 -42 -106 -180 -82 -189 106 131 120 113 114 1 -75 53 -108 134 6 -142 -109 -89 121 -145 32 -69 152 12 127 126 121 5 -107 124 -137 136 -148 131 1 5617835.191902118 1.8989058172503855E7 11.56356447050452 0.0 
146 22 -72 94 -140 101 -149 140 11 -91 -30 -130 132 -112 48 -2 127 109 84 97 54 70 -140 94 -196 -90 -171 -112 -105 -63 -152 -174 115 79 41 70 8 21 50 39 184 -92 -76 -90 -119 -103 -105 -119 -86 -178 106 144 165 63 45 1 -145 56 -110 125 11 -111 -104 -77 151 -71 34 -76 159 -39 130 129 143 31 -114 51 -116 81 -134 129 4 6019507.771788646 1.178685235108632E7 3.1913234480657323E-4 0.0 
142 21 -116 132 -116 108 -142 141 10 -84 -34 -117 171 -125 58 -5 145 140 85 94 62 70 -139 99 -163 -83 -81 -42 -108 -194 -196 -198 83 34 35 70 84 105 67 34 183 -186 -90 -128 -105 -42 -106 -180 -83 -189 106 131 149 103 120 2 -78 49 -109 134 6 -163 -110 -89 121 -143 31 -70 152 12 129 126 121 7 -107 123 -137 136 -148 131 1 5578018.752207089 1.9752682096017566E7 178.17497634311826 0.0 
143 21 -117 96 -135 116 -142 141 10 -84 -34 -79 175 -73 58 10 145 140 84 97 55 70 -139 99 -167 -74 -81 -42 -109 -198 -196 -198 84 33 35 69 84 101 63 34 183 -186 -88 -128 -105 -42 -104 -180 -83 -188 105 131 123 55 122 3 -75 54 -116 134 6 -143 -109 -89 121 -144 32 -79 152 12 127 126 121 7 -106 123 -141 136 -148 131 1 5746173.266643479 1.639680585792136E7 11.266683099597795 0.0 
148 21 -116 132 -135 109 -142 141 10 -84 -34 -117 171 -120 58 -4 145 140 84 97 62 71 -139 99 -167 -83 -80 -42 -110 -194 -197 -198 83 40 35 69 84 105 66 34 183 -186 -89 -128 -105 -42 -106 -180 -82 -189 106 131 149 103 115 4 -78 53 -109 134 6 -163 -109 -91 121 -143 31 -69 152 12 128 126 121 7 -104 123 -137 136 -148 131 1 5608077.193957748 1.8954033433745272E7 274.54689810106714 0.0 
145 21 -116 96 -135 107 -143 141 10 -84 -34 -118 173 -71 57 4 145 140 84 97 57 69 -138 100 -167 -76 -81 -42 -109 -198 -196 -199 88 32 35 69 84 100 66 34 183 -185 -93 -128 -105 -43 -106 -175 -82 -189 105 131 126 55 120 10 -75 54 -107 134 5 -148 -110 -90 121 -144 32 -77 152 12 127 126 121 6 -105 123 -138 136 -148 131 1 5678450.936471229 1.7797127966314077E7 3.5829114745442666E-4 0.0 
146 21 -116 110 -115 109 -143 141 10 -84 -34 -116 172 -52 67 -4 145 140 84 97 58 70 -139 99 -159 -75 -80 -42 -110 -194 -196 -198 86 41 34 69 84 105 67 35 182 -186 -92 -128 -105 -42 -106 -180 -82 -189 107 131 122 113 121 1 -75 53 -108 134 6 -142 -109 -89 121 -145 32 -69 152 12 127 126 121 7 -107 124 -137 135 -148 131 1 5628594.674951153 1.8891921661979217E7 11.684441803456904 0.0 
142 21 -116 131 -113 109 -142 141 10 -78 -34 -117 169 -73 59 9 139 141 85 98 56 71 -139 99 -167 -82 -81 -42 -112 -196 -197 -198 82 41 37 69 84 106 66 35 183 -185 -91 -128 -105 -42 -107 -179 -84 -188 106 131 125 103 114 9 -75 53 -109 134 6 -161 -109 -89 121 -144 32 -69 152 12 128 126 121 7 -107 123 -142 136 -148 131 1 5629424.362922383 1.9004343439034965E7 3.520048816806392E-4 0.0 
143 21 -117 131 -116 113 -143 141 10 -77 -34 -117 172 -66 58 3 145 140 84 97 57 71 -139 100 -166 -82 -80 -42 -110 -194 -197 -198 84 39 35 70 84 106 66 34 183 -185 -91 -128 -105 -42 -106 -180 -84 -189 106 131 149 105 122 4 -78 54 -109 135 5 -166 -109 -93 121 -144 32 -69 152 12 130 126 121 5 -106 123 -142 136 -148 131 1 5609733.304289318 1.907799345038902E7 140.90706600827536 0.0 
151 21 -116 110 -112 109 -144 141 10 -84 -34 -115 172 -52 67 13 145 140 84 97 58 71 -139 99 -167 -75 -80 -42 -110 -198 -196 -198 83 41 35 70 84 102 67 34 182 -190 -92 -128 -105 -42 -106 -180 -82 -189 106 131 122 121 113 1 -75 53 -108 134 6 -142 -109 -89 121 -144 32 -80 153 12 127 126 121 7 -107 124 -137 136 -148 131 1 5634463.383185734 1.8657894211989544E7 11.515652959934858 0.0 
146 21 -116 132 -134 106 -143 141 10 -84 -34 -116 172 -70 58 7 144 140 84 97 57 71 -139 95 -166 -74 -81 -42 -109 -197 -196 -198 83 34 35 70 84 102 66 35 183 -186 -93 -128 -105 -42 -106 -180 -84 -189 106 131 120 46 113 10 -75 50 -109 135 4 -143 -109 -91 121 -144 32 -80 152 12 130 126 121 7 -107 123 -141 136 -148 131 1 5707682.935306177 1.704313762855199E7 3.5352635795465333E-4 0.0 
146 22 -72 92 -137 101 -148 140 11 -92 -30 -130 134 -113 47 -2 128 115 84 100 55 70 -142 94 -196 -90 -171 -112 -105 -63 -152 -174 119 77 43 70 8 22 49 40 183 -93 -76 -90 -119 -101 -105 -115 -86 -181 106 144 164 62 45 2 -145 56 -110 133 11 -111 -106 -77 151 -73 30 -76 164 -39 130 129 145 30 -114 51 -116 75 -134 129 3 6079533.740331132 1.1029278740969075E7 3.1086526189752023E-4 0.0 
147 21 -116 107 -134 109 -144 141 10 -79 -34 -80 173 -73 58 2 144 140 85 98 57 71 -139 99 -167 -82 -81 -42 -110 -199 -198 -198 85 35 37 70 84 105 67 34 183 -185 -80 -129 -105 -43 -107 -179 -84 -186 105 131 125 51 112 10 -75 54 -116 134 5 -142 -110 -91 121 -144 32 -78 153 12 129 127 121 7 -107 123 -137 137 -148 131 1 5778340.233371003 1.5770089113798916E7 3.450445163409494E-4 0.0 
142 21 -116 105 -135 109 -142 141 10 -79 -34 -115 173 -70 58 9 145 140 84 97 58 71 -138 95 -167 -82 -80 -42 -110 -194 -196 -198 84 40 35 69 84 102 67 34 183 -186 -92 -128 -105 -42 -106 -175 -83 -189 105 131 124 48 120 11 -75 54 -116 134 5 -142 -110 -89 121 -144 32 -78 153 12 127 126 121 6 -106 118 -137 136 -148 131 1 5759718.74785015 1.6182326872679692E7 3.432959204147716E-4 0.0 
145 21 -116 131 -117 107 -144 141 10 -83 -34 -117 172 -112 59 12 145 140 85 97 57 70 -138 99 -170 -82 -80 -42 -110 -196 -196 -197 82 40 35 69 84 101 66 34 183 -191 -88 -94 -105 -42 -106 -180 -82 -189 111 131 150 103 113 9 -75 50 -109 134 6 -166 -109 -91 121 -144 31 -69 152 12 127 126 121 7 -107 123 -141 136 -148 131 1 5618039.695145775 1.886888499954916E7 51.99258625225124 0.0 
144 21 -116 97 -134 107 -144 141 10 -85 -34 -117 173 -71 59 2 145 140 85 98 57 71 -139 100 -168 -81 -81 -42 -109 -196 -196 -198 82 41 37 69 84 102 67 34 183 -190 -77 -128 -105 -42 -106 -175 -83 -189 106 131 121 55 125 2 -75 54 -108 134 6 -142 -109 -89 121 -144 32 -75 154 12 128 127 121 7 -107 123 -133 137 -148 131 1 5669387.223535824 1.7799343023596004E7 11.708946635668068 0.0 
143 21 -117 133 -114 116 -143 141 10 -83 -34 -117 173 -72 58 11 145 140 84 97 55 71 -139 99 -164 -74 -81 -42 -110 -196 -196 -198 83 40 35 70 84 101 63 34 182 -185 -88 -128 -105 -42 -106 -179 -84 -188 106 131 125 108 114 2 -78 50 -108 134 5 -166 -109 -89 121 -143 32 -70 152 12 128 127 121 7 -107 124 -142 137 -148 131 1 5606842.454062959 1.9193790644330636E7 15.005265380446613 0.0 
#
