#
#   Running algorithm eNSGAII on 10000000 nfe, with population size of 50.0, with epsilon values [10000.0, 100000.0, 0.1, 0.00001], with pm set to 0.02, 20.0, with injection rate of 0.25, with sbx set to 1.0, 15.0, with 81 controls varying between -199.0 and 199.0 for cell (6,6).
-21 -138 68 -116 118 -104 120 15 104 139 -176 110 -65 175 -106 -108 111 -12 39 121 58 -28 91 -188 185 -177 93 -75 -161 -198 -42 67 -47 -197 -117 -18 170 71 113 144 -199 177 116 21 100 45 -57 -169 58 -179 -40 -171 -178 -117 180 68 150 126 -97 15 -172 193 -197 130 97 -74 117 -145 117 -124 -21 88 -83 119 -49 57 -65 99 -139 89 -42 5625286.666877486 2.477022912147189E7 33.47496451017404 0.0 
-34 -115 -66 -116 63 -69 35 151 63 -136 -134 56 -78 153 -79 55 189 -19 97 170 59 0 112 -96 121 97 35 48 86 96 -57 106 47 -93 -143 -162 43 55 21 122 121 9 -131 -140 -160 46 64 19 137 -109 -2 -58 -110 -161 60 102 94 98 -99 20 -195 -157 -156 146 105 -33 -38 -77 64 -123 1 85 30 148 -77 -99 -98 -69 -134 36 -135 7584943.683086212 5282427.651791753 2.344696966228044E-4 0.0 
-2 -108 83 -113 118 -113 116 -4 179 -111 -26 115 -81 191 -110 -105 166 -33 86 116 80 -36 100 -148 90 40 110 -77 -126 -189 -31 92 -49 -177 -120 -19 44 78 115 93 -151 170 141 9 100 -77 -125 -186 77 -181 -19 -171 -115 -156 36 70 164 118 -95 21 -182 96 -102 129 97 -74 114 -130 110 -125 97 90 -97 129 -46 59 -58 66 -59 89 -38 5607610.210674377 2.1337354120396104E7 168.76703860107756 0.0 
-1 -108 83 -113 118 -113 117 -4 180 -111 -26 115 -81 191 -109 -103 166 -32 87 116 80 -35 100 -147 89 40 110 -77 -125 -178 -31 93 -51 -181 -120 -19 44 79 115 93 -151 168 132 9 100 -77 -125 -186 77 -181 -28 -171 -115 -157 36 70 165 118 -95 21 -182 96 -102 129 97 -75 114 -130 110 -125 97 90 -97 128 -46 59 -58 66 -59 89 -38 5609282.329364397 2.2029071741321463E7 168.06668657274605 0.0 
30 -139 73 -115 44 -118 99 -4 187 -133 -154 125 -81 123 -77 121 163 -13 85 62 64 -12 114 -64 114 53 98 -78 -88 -93 -48 130 30 -77 -104 -133 -29 -32 122 71 89 153 101 -46 -143 -74 -82 -97 13 -116 -6 -20 -116 -135 36 73 94 83 -100 20 -181 -151 -174 129 97 -72 108 -89 116 -107 193 89 -92 74 -53 71 -81 72 -138 86 -74 6909770.774930932 6751350.287248956 44.16443342734398 0.0 
0 -107 58 -113 81 -134 116 -3 191 -110 -25 116 -81 137 -71 56 164 -12 87 117 80 -33 100 -147 92 38 97 -77 -94 -192 -29 101 -29 -131 -90 -135 45 78 116 96 -149 100 118 9 44 -77 -100 -97 36 -136 -19 -182 -115 -134 36 70 164 113 -95 7 -173 95 -124 129 97 -74 114 -65 42 -120 96 90 -94 123 -46 59 -59 66 -57 90 -38 5909602.085300184 1.3853846346230878E7 732.9145121361681 0.0 
-1 -107 56 -113 71 -136 117 -3 185 -110 -26 117 -81 137 -71 57 165 -12 86 112 79 -34 100 -146 91 39 97 -77 -125 -179 -29 101 -31 -133 -90 -135 44 78 115 92 -148 101 120 9 44 -77 -124 -188 91 -136 -19 -180 -115 -134 34 70 164 116 -95 6 -173 95 -124 129 97 -74 114 -65 42 -120 96 90 -93 123 -45 59 -59 66 -57 90 -38 5819830.65839031 1.5188210563931003E7 875.639976706289 0.0 
-1 -107 62 -114 81 -139 116 -3 193 -110 -25 116 -81 138 -71 56 164 -11 87 112 81 -35 100 -152 94 38 97 -77 -94 -191 -31 101 -29 -131 -90 -135 44 76 116 91 -149 100 122 10 44 -77 -100 -98 38 -136 -18 -181 -115 -135 36 70 162 113 -95 6 -176 92 -115 129 97 -74 114 -66 42 -119 95 90 -94 125 -45 59 -59 67 -57 90 -38 5998670.2974890405 1.2555141210936138E7 842.9400849054693 0.0 
22 -136 90 -114 57 -136 117 -2 192 -135 -152 147 -82 137 -73 57 164 -9 85 65 76 -45 106 -146 107 50 95 -78 -93 -86 -33 80 -39 -113 -125 -133 45 59 128 147 -145 153 129 7 29 -74 -101 -89 52 -89 51 -55 -130 -95 35 70 174 118 -89 25 -174 -196 -177 128 97 -67 112 -88 120 -112 75 89 -98 81 -41 59 -126 88 -138 88 -42 6375461.810476767 9176247.774116933 101.53005175594397 0.0 
-1 -106 85 -113 69 -134 117 -2 193 -110 -27 117 -81 137 -72 53 166 -11 87 81 79 -34 100 -152 98 38 96 -77 -99 -81 -30 101 -30 -131 -91 -135 45 78 115 91 -148 100 118 11 50 -77 -98 -95 37 -138 -18 -180 -109 -158 36 70 160 114 -96 6 -176 96 -128 129 97 -69 115 -66 42 -121 99 90 -95 124 -44 57 -59 88 -141 90 -38 6148920.349320029 1.069641344037708E7 173.80651785048929 0.0 
28 -133 48 -115 44 -118 92 -19 187 -132 -155 119 -80 136 -83 122 162 -10 94 61 64 -14 115 -64 142 49 100 -76 -84 -94 -53 127 28 -112 -102 -131 -24 -27 114 91 89 148 103 -38 -143 -77 -91 -94 17 -116 -5 -19 -115 -135 36 69 94 84 -98 16 -181 -154 -178 129 97 -72 109 -91 118 -108 194 89 -102 69 -53 71 -75 92 -138 87 -38 6839826.246785516 6882411.946821136 46.24228826520579 0.0 
-33 -115 56 -69 50 -69 35 152 65 -135 -137 56 -78 163 -79 55 189 -19 82 172 74 -1 111 -100 113 96 34 36 86 105 -56 105 36 -94 -90 -162 43 38 3 128 105 9 -130 -130 -160 45 65 14 138 -108 -3 -58 -111 -136 60 103 94 99 -98 19 -195 -122 -159 147 105 -53 38 -77 51 -124 5 85 30 138 -76 -17 -104 47 -131 39 -138 7169012.571976275 6687687.44626981 2.4161939026553207E-4 0.0 
-1 -106 85 -114 48 -135 117 -5 192 -110 -28 117 -82 122 -110 58 165 -12 87 84 75 -35 100 -116 190 40 99 -77 -98 -83 -30 80 -31 -121 -110 -133 44 80 146 74 -148 195 96 9 47 -77 -98 -92 33 -136 -18 -184 -137 -155 36 70 162 115 -96 11 -183 -113 -136 129 98 -69 138 -62 43 -124 98 88 -97 123 -45 59 -59 87 -137 90 -39 6341243.788704673 9258099.464713756 2.3492125574503574E-4 0.0 
-1 -107 83 -113 71 -139 117 -5 187 -108 -28 118 -77 137 -103 58 165 -12 87 83 75 -35 100 -116 190 38 99 -77 -98 -83 -30 80 -31 -121 -110 -133 44 80 115 94 -148 195 98 9 47 -77 -99 -92 33 -136 -18 -184 -137 -155 36 70 163 110 -96 12 -183 -112 -136 129 97 -69 136 -62 44 -121 97 88 -97 126 -45 60 -59 87 -137 90 -38 6288467.059213231 9597291.258300135 110.47884177387216 0.0 
31 -132 50 -115 44 -118 89 -16 179 -132 -155 119 -80 121 -82 120 161 -13 86 61 74 -14 116 -64 52 49 88 -78 -84 -94 3 125 23 -81 -127 -131 46 54 122 103 87 151 126 -40 -72 -77 -90 -97 17 -116 -6 -21 -116 -135 36 69 94 81 -98 15 -181 -154 -177 128 97 -72 108 -92 118 -107 194 89 -103 66 -55 71 -80 88 -138 87 -38 6547425.026824345 7991399.890710668 2.2394305600571316E-4 0.0 
-33 -114 52 -67 50 -68 34 154 65 -134 -135 55 -78 161 -79 55 190 -19 96 137 63 -1 117 -99 113 96 34 38 86 96 -57 104 48 -94 -112 -162 43 37 3 122 119 9 -130 -143 -160 43 66 14 137 -108 -3 -59 -110 -161 58 103 93 99 -99 19 -195 -156 -152 147 105 -52 35 -77 51 -123 27 85 30 138 -43 -17 -68 45 -131 39 -138 7258404.697200305 6162322.228813258 2.2162403880420778E-4 0.0 
27 -132 49 -124 44 -118 99 -20 186 -133 -154 118 -80 135 -82 135 161 -13 94 61 63 -14 190 -64 117 49 90 -76 -85 -94 -55 130 28 -111 -104 -132 -23 -31 114 91 87 148 101 -42 -133 -74 -91 -94 15 -112 -7 -19 -115 -135 36 69 94 83 -97 16 -181 -154 -178 129 97 -72 109 -92 117 -107 194 89 -102 70 -53 70 -74 89 -133 86 -53 6891522.093944181 6782948.574965984 46.47671118568454 0.0 
-2 -108 83 -115 118 -113 117 -5 180 -109 -26 114 -81 191 -110 -105 166 -33 80 116 80 -35 99 -147 90 40 110 -77 -125 -179 -31 92 -50 -181 -120 -19 44 79 115 93 -151 182 132 9 100 -77 -125 -186 77 -159 -20 -171 -115 -157 33 70 170 118 -95 21 -182 96 -102 129 97 -75 114 -130 110 -125 97 90 -97 126 -43 59 -59 66 -60 90 -38 5638733.229594236 2.0097622847466704E7 236.07794197032356 0.0 
22 -136 91 -114 54 -136 117 -2 193 -135 -152 119 -82 137 -73 57 164 -9 84 65 76 -45 108 -144 107 50 95 -77 -93 -84 -33 81 -39 -113 -125 -134 45 59 118 145 -145 153 129 20 29 -74 -101 -89 52 -126 -17 -51 -130 -92 36 70 164 118 -89 25 -174 -166 -177 129 97 -73 112 -92 120 -112 75 87 -98 81 -41 59 -113 88 -138 89 -42 6406984.60252665 8960319.000275988 63.71986425392848 0.0 
3 -111 -67 -119 63 -69 34 152 65 -136 -134 56 -78 163 -79 55 189 -19 97 141 83 0 112 -96 113 97 37 48 86 97 -57 105 48 -93 -143 -162 43 55 21 126 120 9 -131 -140 -160 46 64 14 137 -108 -2 -58 -111 -161 60 102 94 101 -99 20 -195 -155 -156 152 105 -32 -38 -77 51 -123 5 85 30 134 -77 -99 -131 -69 -134 36 -135 7559028.432265899 5338426.459126178 2.4068379336511368E-4 0.0 
31 -132 50 -115 44 -118 89 -17 184 -132 -155 118 -81 121 -82 120 161 -10 90 61 74 -14 118 -64 50 49 89 -76 -89 -94 3 127 30 -62 -126 -131 46 54 122 103 87 151 126 16 27 -74 -90 -97 17 -116 -6 -23 -115 -96 36 69 94 81 -98 15 -181 -152 -178 129 97 -72 108 -92 118 -107 194 89 -103 66 -56 70 -80 92 -139 87 -52 6417846.062315094 8751355.56041339 247.21552536869802 0.0 
0 -106 84 -113 50 -134 116 -2 192 -110 -26 116 -81 137 -111 57 166 -12 87 86 75 -35 100 -121 189 38 96 -77 -98 -89 -30 99 -31 -120 -90 -135 44 79 126 74 -148 100 74 10 47 -76 -98 -92 30 -130 -18 -182 -115 -158 36 69 163 118 -96 7 -176 96 -119 135 97 -69 113 -62 43 -120 95 90 -81 124 -45 59 -58 79 -137 90 -38 6237716.329938448 9956454.687813831 29.790443666008805 0.0 
-31 -114 64 -68 46 -70 35 152 60 -134 -136 55 -78 163 -79 55 190 -19 98 172 63 -1 111 -99 113 96 34 36 86 97 -56 105 35 -93 -144 -162 43 37 4 122 120 13 -131 -140 -160 43 66 14 138 -109 2 -58 -110 -135 60 103 94 100 -98 19 -195 -123 -168 147 105 -56 39 -77 51 -124 5 85 30 138 -73 -17 -75 45 -131 38 -138 7219698.327138671 6281231.671474704 2.2574387585202864E-4 0.0 
-1 -107 83 -113 71 -135 117 -5 192 -108 -28 117 -77 137 -110 58 165 -12 87 83 75 -35 100 -116 190 38 99 -77 -98 -83 -30 80 -30 -121 -110 -133 44 80 115 94 -148 195 98 9 47 -77 -99 -92 33 -136 -18 -184 -137 -155 36 70 163 110 -96 12 -183 -113 -136 129 97 -69 136 -62 44 -121 97 88 -97 126 -45 60 -59 87 -137 90 -38 6296237.16740882 9528152.20862562 2.393512016401943E-4 0.0 
32 -132 48 -115 44 -118 89 -16 184 -132 -155 123 -81 121 -83 120 161 -13 86 61 73 -14 116 -64 53 51 100 -76 -89 -95 3 128 28 -81 -126 -143 46 59 122 104 87 151 125 16 27 -77 -90 -97 17 -115 -8 -19 -116 -135 36 69 94 81 -98 16 -181 -152 -177 129 97 -72 108 -91 117 -107 194 89 -103 70 -55 70 -73 88 -138 87 -52 6447640.634051044 8478486.499353204 267.1062238330224 0.0 
-34 -115 -66 -116 63 -69 34 151 63 -136 -134 56 -78 153 -79 55 189 -19 98 170 59 0 112 -96 121 97 35 48 86 96 -57 106 47 -93 -143 -162 43 55 21 122 121 9 -131 -140 -160 46 64 14 137 -109 -2 -58 -110 -161 60 102 94 98 -95 20 -195 -155 -152 146 105 -33 -30 -77 64 -123 1 85 30 148 -77 -99 -98 -69 -134 36 -100 7579297.680186176 5282564.173586837 36.48254269589851 0.0 
-1 -106 80 -113 122 -135 115 -2 186 -110 -27 116 -81 137 -71 57 163 -12 87 117 79 -35 100 -156 93 38 97 -77 -124 -178 -32 101 -30 -183 -90 -133 44 78 117 90 -149 101 84 9 45 -77 -125 -191 93 -136 -19 -172 -115 -136 36 70 164 138 -95 7 -176 95 -124 128 97 -74 114 -65 45 -120 96 90 -93 123 -46 59 -59 67 -58 90 -38 5676574.9425959345 1.8088263468081553E7 141.94637994304458 0.0 
32 -132 48 -115 44 -118 89 -16 184 -132 -155 123 -81 122 -83 120 161 -13 86 61 73 -14 116 -64 53 51 100 -76 -89 -95 3 128 28 -81 -128 -143 46 60 122 104 87 151 125 16 27 -77 -90 -97 17 -116 -8 -19 -116 -135 36 69 94 81 -98 16 -181 -152 -178 129 97 -72 108 -91 117 -107 194 89 -103 70 -55 70 -73 88 -138 87 -52 6454480.7153691985 8411244.940065108 38.12124071140794 0.0 
31 -132 50 -115 44 -118 89 -18 184 -132 -155 123 -81 121 -82 120 161 -13 86 61 74 -14 116 -64 51 49 100 -76 -89 -94 3 127 30 -81 -126 -131 46 54 122 96 87 151 126 16 27 -77 -90 -97 17 -116 -6 -19 -115 -136 36 69 94 81 -98 16 -181 -152 -177 128 97 -72 108 -92 117 -107 194 89 -103 66 -55 70 -80 92 -139 86 -51 6437128.774982236 8586109.924264722 2.3485201429384128E-4 0.0 
-33 -114 56 -67 50 -68 34 154 65 -135 -135 58 -78 161 -79 55 189 -19 97 137 57 0 117 -99 125 96 35 38 86 96 -58 104 48 -94 -141 -162 43 37 6 122 119 9 -130 -139 -160 43 66 14 138 -108 -3 -58 -110 -159 58 103 93 98 -99 19 -195 -157 -153 146 105 -28 -33 -77 59 -125 5 85 30 134 -76 -99 -97 47 -131 39 -138 7358827.30251991 5785255.898507747 2.236143906424179E-4 0.0 
0 -107 84 -113 69 -134 117 -5 185 -110 -26 117 -82 137 -70 57 166 -12 86 113 80 -34 100 -148 91 39 98 -78 -92 -190 -31 101 -30 -134 -90 -135 44 78 116 90 -148 100 118 9 45 -76 -102 -93 27 -140 -18 -182 -115 -158 36 69 162 116 -96 6 -173 96 -127 129 97 -70 114 -63 44 -121 97 90 -93 123 -45 59 -59 87 -140 90 -38 6118523.0264668865 1.1072494506086467E7 18.829082171223988 0.0 
-31 -114 65 -68 46 -70 35 152 60 -134 -136 55 -78 163 -79 55 190 -19 98 172 63 -1 111 -99 113 96 34 36 86 97 -56 105 20 -93 -144 -162 43 37 4 122 120 13 -131 -140 -160 43 66 14 138 -109 2 -58 -110 -135 60 103 94 100 -98 19 -195 -123 -168 147 105 -56 39 -77 51 -124 5 85 30 138 -73 -17 -104 45 -131 38 -138 7175884.201580478 6574992.560041973 2.3700161312130975E-4 0.0 
-1 -106 85 -118 71 -135 117 -5 187 -108 -28 117 -77 137 -103 58 165 -12 87 86 75 -35 100 -116 189 38 99 -77 -98 -83 -30 80 -30 -117 -110 -133 44 80 115 94 -148 194 86 9 47 -77 -98 -93 33 -136 -19 -185 -137 -155 36 70 162 115 -96 11 -175 -112 -136 129 97 -74 115 -62 44 -120 98 88 -97 126 -45 60 -59 87 -137 90 -38 6278893.852538334 9755246.98906169 2.4264957393358975E-4 0.0 
-1 -106 83 -113 70 -135 117 -5 187 -115 -28 118 -77 137 -103 58 165 -12 87 83 75 -35 100 -116 190 38 99 -77 -98 -83 -30 80 -31 -121 -110 -133 44 80 115 94 -147 195 96 9 47 -77 -99 -93 33 -136 -19 -184 -137 -155 36 70 162 115 -96 12 -182 -112 -136 129 98 -69 138 -62 44 -121 98 88 -97 126 -45 59 -59 87 -137 90 -39 6309288.076488331 9465988.511395691 2.3920720467165342E-4 0.0 
33 -133 47 -116 44 -118 99 -16 187 -132 -153 126 -80 125 -77 105 162 -9 86 61 64 -14 115 -64 149 49 91 -70 -88 -94 -68 125 28 -112 -102 -131 54 61 124 67 91 148 104 -39 -70 -77 -91 -97 25 -116 -6 -20 -115 -135 36 69 94 83 -98 20 -182 -154 -178 128 96 -72 108 -92 117 -107 194 89 -94 69 -55 71 -73 91 -137 86 -51 6658618.337877266 7395298.504288781 49.94892567248485 0.0 
-1 -106 84 -113 122 -113 117 -4 179 -110 -26 115 -81 134 -111 -105 164 -33 87 116 80 -35 100 -147 89 40 110 -77 -125 -178 -31 91 -35 -181 -116 -19 44 79 115 93 -151 168 139 9 100 -77 -125 -187 78 -180 -18 -171 -115 -157 36 70 164 118 -95 14 -182 96 -102 129 97 -75 115 -130 110 -125 97 90 -93 129 -41 59 -58 67 -58 87 -38 5639907.775969427 2.0167866730545968E7 122.90006152606267 0.0 
-1 -108 56 -113 118 -113 117 -4 180 -111 -26 115 -81 191 -110 -103 166 -32 87 116 80 -35 99 -147 93 39 110 -77 -126 -189 -31 91 -49 -181 -120 -19 44 78 115 93 -151 168 133 9 100 -77 -125 -186 77 -181 -28 -171 -115 -157 36 70 164 118 -95 14 -182 96 -102 129 97 -75 114 -130 110 -125 97 90 -97 129 -46 59 -58 66 -59 87 -38 5629560.240954207 2.037572650705577E7 163.10371852882267 0.0 
31 -132 50 -115 44 -118 89 -16 184 -132 -156 119 -81 121 -82 120 161 -10 86 61 74 -14 116 -64 50 49 89 -76 -89 -94 3 127 30 -81 -126 -143 46 54 122 103 89 151 126 16 27 -74 -90 -97 23 -116 -6 -23 -115 -96 36 69 94 81 -99 16 -181 -152 -177 128 97 -72 108 -92 118 -107 194 89 -103 66 -52 71 -81 92 -139 87 -51 6429113.214613326 8841686.040122682 56.458642131875436 0.0 
32 -132 47 -115 44 -118 100 -18 184 -132 -153 125 -80 137 -77 122 161 -12 86 61 65 -14 115 -59 45 49 36 -78 -89 -93 -68 129 29 -81 -103 -131 47 53 114 96 87 153 103 -39 -71 -77 -91 -97 17 -116 -8 -20 -115 -135 36 69 94 83 -98 20 -181 -154 -172 129 97 -76 109 -92 72 -108 194 89 -102 71 -53 70 -75 88 -137 87 -40 6698432.121927179 7380252.875847137 2.0880462578325073E-4 0.0 
-33 -114 56 -68 49 -69 34 159 63 -144 -134 58 -78 161 -79 55 189 -19 97 143 90 -1 111 -99 124 96 35 37 87 97 -57 105 48 -93 -141 -162 43 39 6 122 119 9 -131 -140 -160 46 64 14 135 -108 -2 -58 -110 -159 60 103 105 101 -99 11 -195 -156 -156 154 105 -29 -29 -77 59 -129 14 85 30 134 -77 -100 -98 -69 -134 37 -135 7426242.903844668 5587833.490627844 2.2567581757077055E-4 0.0 
0 -106 86 -113 120 -114 116 -6 192 -109 -26 117 -81 138 -70 57 165 -12 86 112 79 -35 100 -157 92 38 94 -78 -126 -179 -31 101 -30 -184 -91 -133 45 78 115 92 -149 100 84 9 44 -77 -125 -188 91 -130 -18 -173 -115 -135 36 70 164 118 -95 6 -177 97 -124 129 97 -74 114 -63 45 -120 77 90 -93 125 -46 59 -59 66 -57 90 -38 5696919.5470587695 1.8286800255071122E7 3.32037301085904E-4 0.0 
-1 -106 57 -113 69 -136 117 -3 186 -109 -26 116 -81 138 -71 57 165 -11 87 113 79 -35 100 -156 91 38 97 -77 -125 -179 -29 101 -30 -133 -90 -135 44 78 115 92 -149 101 88 9 44 -77 -125 -188 96 -129 -17 -180 -116 -135 37 71 164 116 -95 6 -173 95 -106 128 97 -74 114 -65 42 -121 96 90 -93 125 -45 59 -59 66 -57 90 -38 5828344.87651114 1.514521654312679E7 3.423138082969451 0.0 
22 -136 91 -114 57 -136 117 -2 193 -135 -167 147 -82 137 -73 57 164 -9 84 65 76 -45 106 -146 105 50 96 -78 -93 -86 -33 81 -39 -113 -125 -133 45 59 125 147 -145 153 131 7 29 -74 -101 -89 51 -88 49 -54 -130 -95 35 70 173 118 -89 25 -174 -196 -176 128 97 -67 112 -92 120 -112 75 89 -98 81 -41 59 -114 88 -138 95 -42 6387678.6022586785 9068640.032630168 136.02029101411912 0.0 
22 -137 85 -114 55 -136 116 -2 193 -135 -152 146 -82 137 -73 56 164 -9 82 65 76 -45 106 -144 107 50 95 -77 -93 -84 -33 80 -39 -113 -125 -134 45 59 117 145 -145 154 129 20 29 -74 -101 -89 52 -125 -17 -55 -130 -92 36 70 164 118 -90 25 -175 -166 -176 136 97 -73 112 -88 120 -112 75 89 -98 81 -41 59 -113 88 -138 88 -42 6418143.465864728 8885023.515925381 112.99669434421347 0.0 
-1 -108 83 -113 122 -113 117 -5 179 -111 -26 116 -81 137 -110 -104 165 -30 87 117 80 -35 100 -148 90 40 110 -77 -125 -179 -32 92 -51 -182 -116 -19 44 79 118 93 -152 169 119 9 100 -77 -125 -187 80 -184 -18 -171 -115 -157 32 70 164 118 -95 21 -182 97 -104 129 97 -75 115 -133 110 -127 97 90 -99 126 -44 59 -59 64 -60 89 -38 5637673.15069666 2.0575550845077023E7 3.4068684700739633E-4 0.0 
27 -132 48 -115 43 -117 97 -4 187 -132 -155 119 -81 122 -77 120 161 -12 91 61 73 -14 105 -61 89 49 100 -78 -89 -92 -53 128 29 -81 -127 -133 46 55 121 64 89 153 127 16 -82 -74 -92 -97 17 -117 -7 -19 -116 -136 36 69 94 84 -97 16 -181 -154 -173 128 97 -72 111 -89 117 -107 194 89 -103 71 -55 71 -75 88 -138 87 -38 6589661.473272409 7895265.741652281 48.15537554108118 0.0 
-1 -107 59 -113 122 -139 114 -2 186 -109 -27 116 -81 138 -71 56 167 -13 87 117 79 -34 100 -161 92 38 95 -77 -125 -179 -31 101 -30 -183 -90 -135 44 78 116 93 -149 102 86 9 45 -77 -125 -186 93 -136 -19 -171 -115 -137 36 70 164 115 -95 7 -176 96 -128 129 97 -74 114 -65 41 -120 79 90 -93 125 -44 59 -59 66 -57 90 -38 5698846.218517546 1.7607825382556695E7 131.6476615749263 0.0 
31 -132 50 -115 44 -118 89 -16 184 -132 -156 119 -81 121 -82 120 161 -10 86 61 74 -14 118 -64 50 49 89 -76 -89 -94 3 127 30 -81 -126 -131 46 54 122 103 87 151 126 16 27 -74 -90 -97 17 -116 -6 -23 -115 -96 36 69 94 81 -99 15 -181 -152 -177 128 97 -76 108 -92 118 -107 194 89 -103 66 -52 71 -80 92 -139 87 -51 6429894.924188672 8713668.478366539 56.523831472605956 0.0 
-1 -106 57 -113 68 -136 116 -2 186 -110 -26 117 -81 138 -70 56 165 -11 87 112 79 -35 100 -148 93 38 94 -77 -94 -192 -30 101 -29 -133 -89 -136 44 78 116 90 -148 100 118 10 45 -77 -125 -187 90 -136 -18 -182 -115 -158 36 70 164 117 -95 7 -175 95 -127 129 97 -74 114 -65 43 -120 97 91 -93 123 -45 59 -59 66 -57 89 -38 5968190.276832158 1.3085762933945267E7 134.53377448980277 0.0 
-31 -115 56 -68 50 -69 35 152 65 -135 -137 58 -78 163 -79 55 189 -19 96 172 74 -1 111 -100 113 96 34 36 86 97 -56 105 35 -94 -144 -162 43 37 4 122 105 10 -130 -140 -160 43 65 14 138 -108 -2 -58 -109 -136 60 103 94 99 -98 19 -195 -123 -169 147 105 -56 38 -77 51 -124 5 85 30 138 -73 -17 -98 45 -131 38 -138 7199823.69146944 6437127.081439812 2.3179452609077474E-4 0.0 
0 -106 58 -113 69 -136 117 -3 193 -110 -26 117 -81 138 -70 57 165 -11 86 116 79 -35 100 -146 94 38 95 -78 -93 -181 -30 102 -30 -131 -90 -135 44 78 115 92 -149 100 118 8 47 -77 -99 -94 38 -137 -19 -180 -115 -158 36 70 164 113 -95 7 -177 96 -124 129 97 -75 111 -65 45 -120 96 91 -95 125 -45 59 -59 66 -57 90 -38 6009786.565725126 1.2395408809475183E7 242.8386244798283 0.0 
-1 -108 83 -113 117 -113 117 -4 179 -111 -26 115 -81 191 -110 -103 166 -32 86 116 80 -35 99 -147 89 39 110 -77 -126 -189 -31 91 -49 -181 -120 -19 44 78 115 93 -151 169 141 9 100 -77 -125 -186 77 -181 -22 -171 -115 -157 36 70 164 118 -95 14 -182 96 -102 129 97 -75 114 -130 110 -125 97 90 -97 129 -46 59 -58 66 -59 89 -38 5629322.005374901 2.0712662716339182E7 38.072656590398815 0.0 
-33 -114 56 -67 50 -69 34 154 65 -135 -135 58 -78 162 -79 55 190 -19 97 141 57 0 117 -99 124 96 35 38 87 96 -58 105 48 -73 -101 -162 43 37 6 122 119 9 -131 -140 -160 43 65 14 138 -108 -3 -58 -110 -159 58 103 105 99 -99 19 -195 -157 -159 146 105 -32 -33 -77 59 -125 4 85 30 134 -76 -99 -97 45 -134 39 -138 7329905.964280115 5873929.69750379 2.294607874914585E-4 0.0 
-1 -106 84 -114 50 -135 117 -5 192 -108 -26 117 -82 137 -113 58 165 -12 85 83 80 -35 99 -120 190 39 97 -78 -98 -84 -29 101 -30 -132 -111 -133 44 80 115 74 -147 85 65 9 47 -77 -101 -88 31 -136 -19 -182 -115 -158 36 70 163 107 -95 7 -166 96 -128 135 98 -75 114 -65 42 -126 95 90 -83 78 -45 59 -58 89 -140 90 -38 6248498.055864941 9883505.892337525 272.7381746566993 0.0 
27 -132 49 -115 44 -118 99 -11 187 -132 -155 119 -80 140 -83 144 167 -13 86 61 64 -14 115 -64 124 49 90 -76 -85 -93 -68 125 28 -112 -101 -132 -23 -35 122 90 87 148 102 -39 -70 -77 -91 -93 17 -116 -7 -19 -115 -135 36 69 94 84 -98 16 -181 -154 -178 129 97 -72 114 -91 118 -107 194 89 -102 69 -53 71 -73 89 -138 86 -38 6748826.859338801 7181557.956576592 35.74913789430297 0.0 
27 -132 49 -115 43 -117 97 -16 184 -132 -153 119 -81 122 -82 120 161 -13 92 61 73 -14 116 -61 89 49 101 -78 -89 -94 -49 131 29 -112 -126 -146 46 55 121 68 91 154 143 17 34 -77 -90 -97 16 -117 -7 -20 -116 -135 36 69 94 84 -98 16 -181 -154 -173 128 97 -72 111 -92 71 -107 194 90 -102 71 -52 71 -75 93 -139 87 -39 6497863.172972243 8181237.769161102 48.91969474207294 0.0 
-1 -106 84 -113 50 -134 116 -2 192 -110 -27 116 -81 137 -111 57 166 -12 87 86 75 -35 100 -121 189 38 96 -77 -98 -86 -30 103 -31 -120 -90 -135 44 79 126 74 -148 101 90 10 47 -77 -98 -91 59 -130 -18 -179 -115 -158 36 69 163 115 -96 7 -176 96 -119 127 97 -69 113 -62 43 -120 95 90 -95 124 -45 58 -58 88 -137 90 -38 6208355.063825239 1.0289369919522949E7 30.219165957983396 0.0 
-33 -115 58 -116 63 -70 34 152 65 -136 -134 58 -78 162 -80 55 189 -21 97 141 59 -1 112 -96 113 96 37 48 86 97 -57 105 48 -93 -144 -162 40 55 21 122 117 9 -131 -139 -160 46 64 14 137 -108 -3 -59 -110 -162 58 102 94 101 -99 19 -195 -155 -152 152 105 -32 -31 -77 52 -123 0 85 30 134 -77 -99 -138 -68 -134 36 -100 7475980.6006633425 5476848.296356435 37.75784494978161 0.0 
28 -142 48 -115 44 -118 89 -16 190 -132 -153 123 -81 122 -82 120 161 -13 86 61 74 -14 119 -64 53 51 100 -78 -89 -95 3 128 28 -81 -126 -143 46 54 122 108 89 151 126 23 27 -77 -91 -97 16 -116 -8 -20 -115 -136 36 69 94 81 -98 16 -181 -153 -177 129 97 -72 108 -91 115 -107 194 89 -103 70 -55 70 -73 88 -137 87 -40 6488382.624109476 8238667.880452413 37.86133902858145 0.0 
-1 -106 84 -113 50 -135 117 -5 192 -110 -25 117 -82 137 -111 58 165 -12 87 83 75 -35 100 -119 189 38 94 -78 -98 -89 -30 99 -31 -121 -110 -135 44 79 116 74 -148 193 84 9 47 -78 -99 -93 31 -139 -19 -182 -115 -159 36 69 162 118 -98 6 -176 95 -119 135 97 -69 115 -62 43 -120 103 88 -93 79 -44 63 -58 87 -136 90 -39 6239965.784172526 1.006639723364128E7 2.564585056413535E-4 0.0 
27 -132 48 -115 50 -117 99 -4 187 -133 -156 119 -80 122 -77 120 161 -10 90 61 73 -14 105 -61 89 49 101 -76 -88 -92 -53 128 29 -86 -127 -133 49 55 121 68 90 153 127 16 -82 -74 -92 -97 17 -116 -7 -19 -116 -135 36 69 94 82 -97 20 -181 -154 -177 129 97 -72 111 -89 118 -122 193 88 -103 70 -55 71 -75 91 -138 87 -38 6579800.314630957 7899866.134572806 85.36548347080137 0.0 
32 -132 48 -115 44 -117 100 -18 187 -132 -155 126 -81 121 -75 120 161 -13 91 61 64 -14 116 -64 94 49 100 -78 -89 -95 -69 127 28 -81 -127 -142 46 56 122 91 89 151 126 16 26 -77 -91 -97 23 -115 -8 -19 -116 -135 36 69 94 84 -99 16 -181 -155 -177 128 97 -72 109 -91 117 -107 198 89 -102 71 -52 71 -73 88 -132 87 -52 6533236.277283573 8087327.260718784 2.2347206821626966E-4 0.0 
-1 -107 81 -113 123 -139 114 -2 142 -110 -27 117 -81 137 -71 56 165 -13 86 111 79 -35 100 -162 93 38 98 -77 -125 -179 -32 102 -31 -183 -90 -134 44 78 116 92 -149 101 84 9 45 -77 -124 -187 84 -136 -23 -172 -115 -137 34 70 164 138 -95 6 -176 96 -124 129 97 -74 114 -65 45 -118 78 91 -93 123 -46 59 -59 66 -58 90 -38 5686174.970978533 1.8205032650815744E7 130.7987420315153 0.0 
-1 -106 62 -113 69 -136 117 -4 192 -110 -26 117 -81 139 -71 57 166 -18 86 112 80 -34 100 -156 98 38 94 -78 -94 -192 -30 102 -31 -132 -91 -135 44 48 115 96 -149 101 86 9 44 -77 -104 -93 33 -130 -18 -180 -115 -158 37 70 164 115 -92 7 -176 96 -127 129 97 -74 114 -66 44 -120 97 90 -93 120 -45 58 -59 66 -57 90 -38 5899971.181894898 1.4179023189877272E7 3.199975593143782E-4 0.0 
-2 -106 85 -113 71 -135 117 -5 187 -115 -28 118 -77 122 -103 58 165 -12 87 86 75 -35 100 -116 196 38 99 -77 -98 -83 -30 80 -31 -125 -110 -133 44 80 103 74 -148 195 86 9 47 -77 -98 -92 30 -136 -19 -184 -137 -155 36 69 162 109 -95 11 -183 -113 -136 129 97 -69 138 -62 44 -121 98 88 -97 126 -45 58 -59 87 -137 90 -38 6319136.472038439 9359457.689736238 2.3757853852908944E-4 0.0 
-1 -108 54 -114 118 -113 117 -5 179 -111 -26 115 -81 191 -109 -103 166 -32 86 116 80 -36 99 -147 90 40 110 -77 -125 -189 -31 92 -49 -177 -120 -19 44 79 115 93 -151 170 140 9 100 -77 -125 -188 77 -181 -19 -171 -115 -157 36 70 164 118 -95 21 -182 96 -102 131 97 -75 114 -130 110 -125 97 90 -97 129 -44 59 -59 64 -59 89 -38 5638094.783524101 2.0297588770070408E7 37.72179470643359 0.0 
0 -107 60 -113 69 -113 114 2 185 -109 -25 116 -81 138 -71 58 167 -11 87 117 88 -35 100 -148 93 38 94 -77 -125 -179 -31 101 -30 -131 -89 -136 44 78 116 93 -149 100 88 9 45 -77 -125 -186 94 -136 -19 -172 -115 -137 36 70 164 139 -95 6 -182 96 -124 129 97 -74 114 -65 47 -120 78 90 -93 125 -44 59 -59 66 -58 90 -38 5767548.179086706 1.6280880831896788E7 15.493417022901783 0.0 
-1 -106 80 -113 122 -136 115 -2 186 -110 -27 116 -81 137 -71 57 163 -15 87 117 79 -35 100 -156 93 38 95 -77 -125 -178 -32 102 -30 -183 -90 -133 44 78 116 91 -149 101 84 9 45 -77 -125 -189 93 -136 -19 -171 -115 -137 36 70 164 138 -95 7 -176 95 -122 128 97 -74 114 -65 45 -120 96 90 -93 123 -46 59 -59 67 -58 90 -38 5694577.456430743 1.799428905370769E7 15.76167609808404 0.0 
0 -107 60 -113 68 -134 116 -2 192 -109 -26 117 -78 137 -70 56 166 -11 85 112 80 -34 100 -148 94 38 97 -78 -95 -184 -32 102 -32 -131 -90 -135 44 79 117 90 -149 100 118 9 45 -77 -99 -94 30 -136 -18 -179 -109 -160 36 70 163 118 -95 7 -176 96 -126 129 98 -74 114 -65 41 -120 97 91 -97 123 -40 58 -59 66 -57 90 -38 5989449.692507063 1.277653316561246E7 14.74153948534617 0.0 
-1 -107 80 -113 122 -136 114 -2 187 -110 -27 116 -81 137 -71 56 165 -13 86 111 79 -35 100 -161 92 38 95 -77 -125 -179 -32 102 -30 -183 -90 -134 44 78 116 91 -149 101 84 9 45 -77 -125 -189 84 -136 -23 -171 -115 -138 36 70 164 138 -95 6 -177 97 -125 129 97 -74 114 -65 45 -120 96 91 -93 123 -46 59 -59 66 -58 90 -38 5689972.925659126 1.8060642781067334E7 140.52926117650267 0.0 
-1 -108 86 -114 118 -113 117 -5 179 -110 -27 115 -81 192 -110 -106 164 -32 87 116 80 -35 100 -147 90 40 109 -77 -125 -178 -31 92 -49 -181 -120 -19 44 78 115 92 -151 170 121 7 100 -77 -125 -187 77 -159 -18 -171 -115 -157 36 70 164 118 -95 14 -182 96 -102 129 97 -75 114 -130 110 -125 93 90 -93 126 -41 59 -59 67 -58 87 -38 5649919.3443195205 1.988513290822587E7 160.3320466623039 0.0 
0 -107 83 -113 119 -114 116 -2 191 -110 -25 117 -81 137 -70 56 164 -13 87 117 79 -35 100 -149 92 38 95 -77 -125 -179 -34 102 -30 -185 -90 -135 44 78 115 92 -149 100 89 10 45 -77 -125 -188 98 -129 -17 -173 -116 -158 36 70 164 117 -95 6 -177 96 -126 129 97 -75 114 -64 40 -121 96 91 -93 123 -44 59 -59 66 -57 90 -38 5708692.631445803 1.7689620929794837E7 124.93960590860343 0.0 
27 -132 48 -115 44 -118 99 -16 187 -132 -153 126 -80 141 -83 122 161 -13 86 61 64 -14 116 -65 45 49 99 -78 -89 -93 -1 127 29 -113 -102 -131 46 51 121 96 89 153 103 -42 -70 -77 -90 -97 17 -116 -7 -19 -119 -135 36 69 94 84 -98 20 -181 -154 -178 129 97 -76 111 -92 119 -108 194 89 -103 71 -52 71 -75 94 -137 86 -39 6607740.513208742 7735325.760589976 2.2049340026551736E-4 0.0 
-2 -108 83 -115 117 -113 117 -11 179 -111 -26 114 -81 191 -110 -103 165 -33 86 116 80 -31 100 -147 90 39 110 -77 -125 -179 -31 93 -51 -181 -120 -19 44 79 115 93 -152 169 133 9 99 -77 -125 -187 77 -181 -22 -171 -115 -157 36 70 164 118 -95 21 -182 96 -102 129 97 -75 114 -130 110 -125 97 90 -97 126 -45 60 -60 66 -59 89 -38 5619041.478749901 2.080061047313748E7 167.46422692600203 0.0 
-1 -106 61 -113 68 -136 117 1 185 -115 -26 116 -81 137 -70 57 166 -11 87 116 80 -35 100 -155 95 38 97 -77 -94 -192 -29 102 -31 -131 -91 -133 44 78 115 90 -148 100 118 9 44 -77 -99 -98 35 -129 -18 -180 -110 -158 36 70 168 116 -95 7 -176 97 -127 129 97 -74 115 -66 41 -121 96 90 -93 123 -45 58 -59 67 -58 90 -38 6029697.591977717 1.2175534733915512E7 2.97984448363572E-4 0.0 
31 -142 75 -115 44 -118 97 -5 190 -133 -153 118 -81 137 -76 120 161 -13 94 63 74 -16 119 -64 92 49 91 -76 -85 -93 -53 122 30 -112 -126 -146 46 57 114 70 89 153 101 20 36 -74 -90 -97 17 -116 -8 -20 -115 -135 36 69 94 83 -98 20 -181 -153 -178 129 97 -72 109 -91 69 -104 195 89 -102 70 -52 70 -78 93 -137 87 -40 6528921.356975843 8071467.908027526 48.588044520372186 0.0 
27 -132 48 -115 50 -117 97 -4 184 -133 -156 119 -81 122 -77 120 161 -12 90 61 73 -14 105 -61 89 53 101 -78 -88 -92 -53 128 29 -86 -127 -133 46 55 121 68 90 153 127 16 -82 -74 -92 -97 17 -117 -7 -19 -116 -135 36 69 94 82 -97 20 -181 -154 -173 129 97 -72 111 -89 118 -107 193 89 -103 70 -55 71 -75 91 -138 87 -38 6596489.5447456185 7774593.225441179 48.155354902447236 0.0 
27 -132 49 -115 44 -118 99 -11 187 -132 -154 119 -80 140 -73 144 167 -13 96 61 65 -14 115 -64 144 42 90 -76 -85 -93 -68 125 30 -112 -100 -131 -23 -35 122 90 85 148 102 -41 -70 -77 -91 -93 15 -114 -7 -19 -115 -135 36 69 95 84 -98 20 -181 -154 -178 129 97 -72 109 -91 118 -107 194 89 -102 69 -52 71 -73 89 -138 86 -41 6754124.260000547 7073906.980157789 165.03198663835295 0.0 
-36 -114 46 -70 47 -68 35 158 59 -155 -134 56 -78 163 -79 55 190 -19 100 172 57 0 109 -96 124 96 35 48 86 97 -56 105 37 -93 -144 -162 43 37 6 122 121 9 -131 -140 -160 42 65 14 137 -108 -3 -58 -110 -159 60 103 94 99 -99 20 -195 -155 -156 147 105 -29 -31 -77 59 -130 5 85 30 139 -76 -98 -97 45 -144 46 -136 7400689.619199085 5681368.682452383 0.7526157599474855 0.0 
0 -107 57 -113 69 -133 116 -4 185 -110 -26 117 -81 137 -71 56 164 -11 87 117 78 -35 100 -147 92 38 98 -78 -125 -178 -31 101 -30 -132 -91 -135 44 78 115 91 -148 100 89 9 44 -77 -124 -188 88 -136 -19 -173 -115 -135 37 70 164 117 -95 6 -177 96 -121 129 97 -74 114 -65 40 -120 97 90 -93 125 -44 59 -59 66 -58 91 -38 5779732.02756345 1.5879028675715597E7 171.22105477433897 0.0 
0 -106 60 -114 82 -134 116 -3 192 -116 -25 117 -81 138 -72 57 166 -12 87 109 81 -35 100 -146 94 38 97 -78 -94 -192 -30 102 -29 -131 -91 -135 43 77 116 90 -149 100 118 13 45 -77 -101 -95 35 -136 -18 -180 -115 -160 36 69 164 113 -95 6 -177 97 -125 129 97 -69 114 -75 42 -121 94 91 -91 125 -45 59 -59 66 -57 90 -38 6038473.861622448 1.2045569368024778E7 14.814656694922753 0.0 
-2 -108 86 -114 118 -113 117 -4 180 -111 -26 115 -81 192 -110 -103 164 -32 81 116 80 -35 99 -147 90 40 110 -77 -125 -178 -31 92 -48 -181 -120 -19 44 78 115 93 -151 181 121 9 100 -77 -125 -186 77 -181 -28 -171 -115 -157 36 70 164 118 -95 14 -182 96 -102 129 97 -75 114 -130 110 -125 93 90 -97 126 -46 59 -59 66 -58 87 -38 5629340.053309379 2.057629849642173E7 161.71166975991306 0.0 
31 -132 50 -115 44 -118 99 -18 184 -132 -155 119 -80 121 -84 120 161 -13 86 61 74 -14 116 -64 51 49 100 -76 -89 -94 3 128 30 -81 -126 -131 46 54 122 96 87 151 126 16 27 -77 -90 -97 17 -116 -6 -20 -115 -138 36 69 94 81 -98 16 -181 -154 -177 128 97 -72 108 -92 117 -107 194 89 -103 66 -55 70 -80 92 -139 86 -51 6468021.900463354 8354791.365969746 2.301857660095286E-4 0.0 
28 -132 54 -115 44 -118 99 -11 187 -132 -155 119 -80 123 -82 122 163 -12 96 61 74 -14 121 -64 144 48 90 -78 -84 -93 -69 121 28 -111 -104 -131 -25 -31 114 91 91 148 103 -40 -71 -74 -91 -97 17 -116 -7 -19 -115 -135 29 69 94 83 -98 20 -181 -154 -178 129 97 -72 109 -91 118 -107 194 89 -103 69 -55 71 -75 59 -133 87 -39 6779596.36919576 6980961.190237772 35.52049986167978 0.0 
27 -132 49 -115 44 -118 99 -11 187 -132 -154 119 -80 140 -83 144 167 -19 93 61 65 -14 115 -64 124 42 100 -76 -85 -93 -68 125 30 -112 -100 -131 -23 -35 122 91 85 148 102 -40 -70 -77 -91 -93 15 -114 -8 -19 -115 -135 36 69 94 83 -98 16 -181 -154 -178 129 97 -72 109 -91 118 -107 194 89 -102 69 -53 71 -73 94 -133 87 -41 6759174.746569786 7117989.710763715 2.114956320480215E-4 0.0 
-2 -108 57 -114 117 -113 117 -4 191 -110 -26 117 -81 135 -111 -104 164 -33 87 116 80 -35 100 -147 92 40 110 -77 -125 -178 -34 91 -35 -181 -120 -19 45 79 115 91 -151 169 131 9 100 -77 -125 -187 76 -159 -18 -171 -115 -157 36 70 164 118 -95 6 -182 97 -102 129 97 -75 115 -130 111 -125 97 91 -93 130 -41 59 -58 67 -58 90 -38 5679318.868463615 1.889642937527699E7 125.65684701983224 0.0 
-2 -106 60 -113 69 -114 116 -3 192 -109 -26 117 -81 137 -71 57 165 -11 85 117 79 -34 100 -156 93 38 94 -77 -125 -179 -30 101 -31 -132 -91 -135 44 75 116 90 -149 100 118 9 44 -77 -124 -188 90 -136 -19 -181 -115 -160 36 71 164 116 -95 7 -177 95 -127 129 97 -74 114 -66 42 -120 78 91 -93 124 -45 59 -59 66 -58 90 -38 5907292.365494134 1.4087097768394869E7 14.930106720899321 0.0 
32 -132 48 -115 44 -118 89 -22 184 -132 -155 119 -81 121 -82 120 161 -13 86 61 74 -14 116 -64 51 49 100 -77 -89 -94 3 127 30 -81 -126 -131 46 54 122 96 87 151 126 16 27 -77 -90 -97 24 -116 -5 -19 -115 -136 36 69 94 81 -99 16 -181 -152 -177 128 97 -72 108 -92 117 -107 194 89 -102 66 -55 70 -80 92 -139 86 -51 6418330.0020350525 8910939.05135592 2.3835516024753493E-4 0.0 
-1 -106 63 -113 69 -118 116 -4 192 -110 -26 117 -79 138 -70 56 166 -12 86 117 81 -34 100 -149 94 38 98 -78 -94 -190 -30 101 -31 -131 -91 -134 45 79 115 93 -149 100 89 9 44 -77 -99 -94 35 -129 -18 -181 -115 -158 37 70 163 115 -95 7 -176 96 -125 129 97 -75 114 -63 42 -121 96 90 -93 125 -45 60 -59 91 -133 90 -38 6049044.589923247 1.1987638607462883E7 2.9145096271005513E-4 0.0 
27 -132 49 -115 44 -118 99 -11 187 -132 -155 119 -80 140 -83 122 167 -19 86 61 73 -13 121 -64 124 49 90 -76 -85 -93 -68 125 30 -112 -102 -131 -23 -35 122 90 87 149 103 -41 -70 -77 -91 -93 15 -116 -8 -19 -115 -135 36 69 94 83 -98 16 -181 -154 -178 129 97 -72 109 -91 118 -107 194 89 -95 69 -53 71 -73 93 -133 86 -52 6768481.85716407 7052945.9607925555 2.0878464661101522E-4 0.0 
-2 -108 83 -115 118 -113 117 -5 180 -109 -26 114 -81 191 -110 -105 166 -33 80 116 80 -35 99 -147 90 40 110 -77 -125 -179 -31 92 -50 -181 -120 -19 44 79 115 93 -151 182 132 9 100 -77 -125 -187 77 -159 -15 -171 -115 -157 36 70 165 118 -95 21 -182 96 -102 129 97 -75 114 -130 110 -125 97 90 -97 126 -43 59 -59 66 -60 89 -38 5646547.466008348 1.9559569314375155E7 166.42411003651418 0.0 
-2 -107 56 -113 70 -134 117 -3 185 -110 -26 117 -81 137 -71 57 165 -11 87 113 81 -32 100 -147 93 38 95 -77 -96 -191 -30 101 -31 -129 -89 -136 44 78 116 91 -148 101 119 10 51 -77 -124 -184 93 -129 -18 -180 -115 -159 37 69 164 118 -95 6 -178 96 -127 129 97 -74 114 -65 42 -120 96 90 -93 123 -45 58 -59 67 -60 90 -38 5878965.919962971 1.4488465701417435E7 3.287125921245781E-4 0.0 
32 -133 49 -115 44 -118 99 -10 187 -133 -155 118 -80 136 -81 120 162 -10 94 61 64 -14 116 -63 142 49 100 -76 -84 -94 -68 127 29 -112 -102 -132 -24 -28 114 91 89 153 103 -38 -143 -78 -91 -94 17 -116 -7 -19 -115 -135 36 69 94 83 -98 20 -181 -154 -178 129 97 -72 109 -91 117 -107 194 89 -102 70 -55 70 -75 92 -138 87 -39 6843659.694260978 6893985.583542831 2.1360843440103964E-4 0.0 
-1 -106 56 -113 69 -136 116 -6 188 -110 -26 116 -81 138 -70 56 165 -11 87 117 87 -34 100 -148 99 38 98 -77 -93 -189 -31 102 -29 -133 -90 -135 44 78 115 91 -148 100 118 9 44 -77 -125 -181 91 -133 -17 -181 -115 -158 36 70 164 118 -95 6 -176 96 -127 129 97 -74 114 -65 42 -120 96 90 -93 125 -45 59 -59 66 -56 90 -38 5869750.85053408 1.467230423380993E7 14.83872895946986 0.0 
-30 -114 56 -68 49 -69 34 159 102 -144 -134 58 -78 162 -79 55 189 -18 97 143 88 -1 109 -100 124 96 35 37 87 97 -57 105 49 -73 -104 -162 43 39 6 122 119 9 -131 -144 -160 46 65 14 135 -108 -2 -58 -110 -159 60 103 105 99 -99 11 -195 -157 -156 154 105 -29 -33 -77 60 -130 14 85 30 134 -77 -99 -98 -69 -134 37 -135 7417720.51976007 5682668.180143766 2.302659062420718E-4 0.0 
-1 -108 81 -113 109 -113 117 -4 192 -110 -26 117 -81 138 -111 -104 164 -33 87 116 73 -35 100 -147 87 38 110 -77 -125 -179 -31 91 -49 -181 -120 -19 45 80 115 93 -151 169 130 9 100 -77 -125 -186 77 -158 -20 -171 -115 -157 36 70 164 129 -95 7 -182 97 -102 129 97 -75 114 -132 110 -125 116 90 -93 129 -43 59 -59 67 -60 90 -38 5687328.992412167 1.879024618257799E7 3.2975963911851196E-4 0.0 
0 -107 62 -113 73 -118 114 -2 191 -110 -27 117 -81 137 -71 57 165 -12 86 117 86 -34 100 -150 93 38 98 -78 -125 -177 -31 102 -31 -180 -90 -135 44 75 116 91 -149 100 84 9 44 -77 -125 -188 91 -134 -19 -172 -115 -159 36 70 164 118 -95 6 -176 95 -121 129 97 -74 115 -65 42 -121 96 90 -93 124 -45 58 -59 66 -57 90 -38 5739064.055444909 1.6762554622577755E7 139.07211873848837 0.0 
-1 -107 81 -113 123 -136 114 -2 142 -110 -26 116 -81 137 -71 47 165 -13 86 111 80 -35 100 -160 93 38 95 -78 -125 -178 -31 102 -31 -183 -90 -134 44 78 115 92 -149 101 83 9 44 -77 -124 -187 93 -136 -19 -171 -115 -137 36 70 164 139 -95 6 -176 96 -116 129 97 -74 114 -65 45 -120 78 90 -93 123 -45 59 -59 66 -58 90 -38 5697940.298026522 1.819815563208332E7 15.698975918465784 0.0 
0 -107 56 -113 68 -118 114 -2 191 -110 -27 117 -81 137 -70 57 163 -12 86 118 81 -35 100 -147 93 39 97 -77 -125 -179 -33 102 -30 -182 -89 -135 44 78 116 92 -148 100 85 9 45 -77 -125 -187 96 -134 -19 -180 -115 -134 36 70 164 116 -95 6 -177 95 -115 129 97 -74 114 -65 40 -121 96 90 -93 124 -45 59 -59 66 -57 90 -38 5768569.93055374 1.6195103255965449E7 138.16263663866164 0.0 
-33 -114 56 -67 50 -69 34 159 65 -135 -135 58 -78 162 -80 55 189 -19 97 157 62 0 117 -99 124 96 35 38 87 97 -58 105 48 -94 -100 -162 43 37 7 122 105 9 -131 -140 -160 43 65 14 137 -108 -3 -58 -109 -136 58 103 105 99 -99 19 -195 -157 -153 158 105 -32 -33 -77 59 -132 5 85 30 134 -77 -99 -97 46 -132 38 -138 7307801.53152364 5990920.621460101 2.2767555246122156E-4 0.0 
27 -133 49 -115 44 -118 99 -11 187 -133 -154 127 -80 136 -77 121 162 -13 86 61 64 -14 119 -67 124 49 100 -76 -84 -94 -68 127 28 -112 -104 -131 -23 -31 122 89 91 153 102 -40 -71 -77 -91 -97 17 -114 -7 -19 -115 -135 36 69 94 83 -98 16 -181 -154 -178 129 97 -72 109 -92 117 -107 194 89 -102 69 -52 71 -74 91 -137 87 -39 6786415.924195715 6970453.66881499 2.0951422885954845E-4 0.0 
-1 -106 84 -112 50 -135 117 -5 192 -110 -25 116 -82 137 -111 58 166 -11 87 86 75 -35 100 -119 188 38 93 -78 -98 -89 -30 103 -31 -121 -110 -133 44 79 116 74 -148 101 85 12 47 -78 -99 -92 30 -141 -18 -182 -115 -158 36 70 162 118 -96 7 -176 95 -119 135 97 -68 113 -62 44 -120 95 91 -81 124 -44 59 -58 87 -137 90 -38 6224362.542842985 1.0063093524047967E7 15.291895627622507 0.0 
33 -132 50 -115 44 -118 99 -16 184 -132 -155 126 -81 135 -77 122 161 -13 86 61 73 -14 115 -63 44 49 106 -77 -84 -94 -68 125 31 -112 -102 -131 47 54 122 70 91 153 103 -41 -71 -74 -91 -97 17 -116 -4 -19 -115 -135 36 69 94 83 -98 20 -181 -154 -172 128 97 -76 111 -91 120 -107 194 89 -94 71 -55 70 -75 94 -137 86 -52 6638454.575672954 7495595.836017126 49.785933614049476 0.0 
22 -136 91 -114 52 -136 116 -2 193 -135 -152 119 -82 137 -73 57 164 -9 82 69 76 -45 105 -142 104 52 96 -77 -93 -84 -33 81 -39 -113 -125 -134 35 59 117 147 -145 154 129 19 29 -74 -100 -89 51 -126 -16 -50 -130 -95 37 70 176 118 -89 25 -174 -197 -179 129 97 -67 110 -92 120 -113 42 58 -98 80 -41 59 -123 88 -138 88 -42 6397869.422849067 9074888.378449354 2.5719565000482855E-4 0.0 
-1 -108 83 -113 118 -113 117 -4 180 -110 -26 115 -81 191 -110 -103 166 -33 86 116 80 -36 101 -148 87 39 110 -77 -126 -189 -31 92 -49 -177 -120 -19 44 78 115 93 -151 170 141 6 100 -77 -125 -186 77 -181 -19 -171 -115 -156 36 70 164 118 -95 21 -182 96 -102 129 97 -74 114 -130 110 -125 97 90 -97 129 -46 59 -58 66 -59 89 -38 5618709.93822798 2.1211690329375785E7 38.27762898717995 0.0 
0 -107 88 -113 119 -112 116 -2 192 -109 -26 116 -81 137 -70 57 165 -5 86 117 79 -35 100 -161 92 38 94 -77 -125 -179 -29 102 -30 -183 -90 -135 44 78 116 91 -149 100 84 9 44 -77 -125 -188 99 -136 -23 -173 -115 -138 36 70 164 118 -95 7 -178 97 -125 129 97 -74 114 -65 43 -121 96 90 -93 123 -46 59 -59 66 -57 90 -38 5687406.973709202 1.854746127324276E7 14.798867024763945 0.0 
0 -106 83 -81 68 -134 116 -2 186 -108 -26 117 -81 137 -72 55 166 -11 85 112 80 -35 100 -146 100 38 98 -77 -95 -197 -30 101 -30 -132 -91 -136 45 78 115 91 -149 100 86 10 47 -77 -102 -98 37 -129 -19 -180 -115 -158 36 70 163 114 -95 7 -176 96 -125 129 97 -75 101 -65 42 -121 96 91 -92 124 -45 57 -66 86 -137 90 -38 6107205.674295519 1.1202392141467841E7 2.854909404798146E-4 0.0 
-2 -106 81 -113 69 -134 116 -5 186 -110 -26 117 -81 137 -72 57 164 -12 85 112 80 -33 100 -150 92 38 98 -77 -95 -193 -31 101 -29 -132 -91 -135 45 78 116 96 -149 100 85 10 45 -77 -103 -98 35 -129 -18 -182 -115 -158 36 70 164 116 -95 7 -178 97 -125 129 97 -74 115 -66 42 -121 96 90 -93 125 -45 59 -59 67 -57 90 -38 5963419.894504806 1.3205826479327817E7 3.076078230061436E-4 0.0 
-1 -107 83 -113 71 -135 117 -5 187 -108 -28 118 -77 137 -110 58 165 -12 87 83 75 -35 100 -116 190 38 99 -77 -98 -83 -30 80 -31 -121 -110 -133 44 80 115 94 -148 195 98 9 47 -77 -99 -92 33 -136 -18 -184 -137 -155 36 70 163 110 -96 12 -183 -112 -136 129 97 -69 136 -62 44 -121 97 88 -97 126 -45 60 -59 87 -137 90 -38 6289691.729670568 9608528.834627897 2.4058751253134967E-4 0.0 
-34 -115 61 -71 50 -68 34 154 65 -134 -135 55 -78 163 -79 55 189 -19 97 172 61 -1 117 -100 113 96 35 38 86 96 -58 101 48 -93 -144 -162 43 44 4 122 120 9 -131 -143 -160 43 66 14 138 -108 -3 -59 -110 -161 60 103 94 101 -99 20 -195 -156 -168 146 105 -55 37 -77 51 -124 14 85 30 139 -43 -23 -75 45 -131 33 -138 7299762.105843995 6055118.675945176 2.2353618428483843E-4 0.0 
0 -107 57 -113 68 -112 116 -2 193 -109 -26 116 -81 137 -71 57 165 -11 87 112 81 -35 100 -152 93 38 95 -78 -126 -179 -31 102 -30 -179 -90 -135 44 78 116 93 -149 101 84 9 44 -77 -125 -188 99 -136 -23 -173 -115 -137 37 70 164 116 -95 6 -177 97 -125 129 97 -74 114 -65 43 -120 96 90 -93 125 -45 59 -59 67 -57 90 -38 5729079.1807164345 1.6860223610023424E7 139.20779329398007 0.0 
0 -106 86 -113 120 -114 116 -6 192 -109 -26 117 -81 138 -70 56 165 -12 87 112 79 -35 100 -148 92 38 94 -78 -126 -179 -31 101 -30 -184 -91 -133 44 78 115 92 -149 100 84 9 44 -77 -125 -187 90 -130 -18 -173 -115 -135 36 70 164 117 -95 7 -177 97 -124 129 97 -74 114 -63 43 -120 77 90 -93 123 -46 59 -59 66 -57 90 -38 5704577.7992525 1.780788394789654E7 3.274612767572368E-4 0.0 
-2 -108 83 -113 117 -113 117 -5 180 -110 -26 114 -81 137 -111 -105 164 -31 87 117 80 -35 100 -147 92 40 110 -77 -125 -178 -33 92 -49 -178 -120 -19 44 79 118 92 -151 151 130 6 100 -77 -125 -186 78 -157 -19 -171 -115 -157 36 70 164 118 -95 20 -182 96 -104 131 97 -75 114 -130 110 -125 117 90 -97 126 -44 59 -58 66 -60 90 -38 5659869.278994406 1.9865972103517335E7 3.31451022897269E-4 0.0 
0 -107 60 -113 68 -135 117 -4 192 -110 -27 118 -82 137 -70 58 165 -11 87 116 79 -35 100 -148 99 38 95 -77 -94 -191 -30 101 -29 -131 -90 -135 45 78 116 93 -149 100 118 9 47 -77 -100 -93 42 -129 -18 -181 -115 -158 36 70 164 118 -95 7 -176 96 -126 129 97 -69 114 -66 42 -120 97 91 -92 125 -44 59 -59 67 -57 90 -38 5937895.849023596 1.3490614624949178E7 3.1167953695262135E-4 0.0 
-1 -107 56 -113 69 -136 117 -2 186 -110 -25 117 -81 137 -71 57 165 -12 86 113 79 -36 100 -156 91 39 97 -77 -125 -179 -29 102 -31 -133 -90 -135 44 78 115 92 -149 101 85 9 44 -77 -124 -188 96 -129 -18 -180 -115 -134 34 70 164 115 -95 6 -173 95 -124 128 97 -74 114 -65 42 -121 78 90 -93 123 -45 59 -59 65 -57 90 -38 5839594.209215416 1.5007274854354966E7 3.2275000459810324 0.0 
-2 -106 60 -114 126 -136 115 -3 193 -110 -27 117 -82 138 -67 56 163 -12 87 117 88 -35 100 -156 94 38 95 -77 -125 -179 -30 102 -30 -182 -90 -135 44 76 115 91 -149 100 85 9 45 -77 -124 -188 86 -136 -18 -172 -115 -137 36 70 164 116 -95 6 -177 92 -127 129 97 -74 114 -66 43 -120 95 90 -94 125 -45 59 -59 67 -57 90 -38 5709968.69931158 1.7489750947028797E7 140.60261575307302 0.0 
0 -106 56 -113 69 -112 116 -2 186 -109 -26 117 -81 137 -70 57 165 -12 87 117 80 -36 100 -156 91 38 99 -77 -125 -179 -29 101 -30 -133 -90 -134 44 78 116 91 -149 101 84 9 44 -77 -125 -189 91 -129 -17 -173 -115 -137 37 70 164 118 -95 6 -172 95 -124 129 97 -74 114 -65 45 -120 96 90 -93 123 -45 59 -59 66 -58 90 -38 5779145.645696164 1.6053939122891542E7 127.8501887025211 0.0 
0 -107 62 -113 68 -114 116 -3 192 -109 -27 117 -81 138 -70 57 165 -5 86 117 79 -35 100 -147 92 38 95 -78 -126 -179 -33 102 -30 -183 -89 -135 44 78 116 92 -149 102 89 10 44 -76 -125 -190 93 -130 -19 -171 -115 -136 36 70 164 118 -95 7 -177 96 -121 129 97 -74 114 -65 40 -121 77 91 -91 125 -45 59 -59 66 -58 90 -38 5738116.134218329 1.681282359637476E7 3.2724159987093285E-4 0.0 
-1 -108 83 -114 117 -113 117 -4 179 -110 -27 115 -81 191 -110 -106 164 -32 86 116 80 -35 99 -147 89 40 110 -77 -125 -189 -31 92 -49 -181 -120 -19 44 78 115 93 -151 169 136 9 100 -77 -125 -187 77 -175 -22 -171 -115 -157 36 70 164 118 -95 14 -182 96 -102 129 97 -75 114 -130 110 -125 93 90 -97 128 -46 59 -59 67 -59 87 -38 5648038.60111318 1.9965113875419598E7 37.92035067617816 0.0 
0 -106 61 -113 48 -134 117 -2 188 -110 -27 117 -82 137 -70 53 165 -11 87 86 74 -35 100 -153 97 38 96 -78 -98 -86 -30 101 -29 -132 -90 -135 45 78 125 73 -148 101 85 20 45 -77 -98 -94 36 -130 -18 -180 -109 -158 37 70 162 113 -95 6 -176 97 -128 131 97 -68 137 -66 44 -120 95 90 -93 124 -45 58 -59 88 -140 90 -38 6187157.616066398 1.0359452675033513E7 2.7964687531002963E-4 0.0 
0 -106 60 -113 68 -133 117 -2 192 -110 -26 118 -81 137 -70 56 165 -11 86 117 79 -34 100 -156 93 38 95 -77 -125 -179 -30 101 -30 -132 -91 -136 44 78 115 92 -149 100 118 9 47 -77 -124 -187 89 -134 -19 -181 -115 -160 37 70 167 116 -95 7 -177 95 -127 129 97 -69 114 -66 45 -120 78 91 -93 124 -45 59 -59 66 -58 90 -38 5858948.350677047 1.4772963758267641E7 14.614475445237453 0.0 
0 -106 62 -113 69 -135 116 -2 193 -110 -25 117 -81 138 -71 57 166 -11 86 114 80 -35 100 -148 95 38 95 -78 -95 -191 -30 102 -29 -131 -90 -135 44 78 116 91 -149 100 118 9 47 -77 -98 -98 38 -137 -18 -180 -107 -158 37 70 162 113 -95 7 -176 97 -125 129 97 -74 111 -66 41 -121 97 90 -95 125 -45 60 -59 67 -58 90 -38 5977545.712828583 1.2933978294477053E7 15.35799199745782 0.0 
0 -106 85 -113 69 -134 117 -2 192 -108 -26 117 -82 137 -70 58 165 -12 85 116 79 -35 100 -153 87 38 94 -77 -93 -192 -30 101 -29 -131 -87 -135 45 78 116 91 -149 101 85 20 45 -77 -98 -98 29 -129 -18 -180 -115 -158 36 70 160 115 -96 6 -177 96 -126 129 97 -69 115 -66 42 -120 96 90 -92 125 -45 57 -66 86 -139 90 -38 6147783.54726174 1.082623299142186E7 2.9030865894779637E-4 0.0 
27 -132 48 -115 44 -118 100 -18 184 -132 -153 126 -80 141 -77 122 161 -12 86 61 65 -14 116 -59 45 53 101 -78 -89 -96 -69 128 29 -81 -106 -131 46 54 122 96 87 153 104 -39 -70 -77 -90 -97 17 -116 -8 -20 -115 -135 36 69 94 83 -98 20 -181 -154 -172 128 97 -76 108 -92 117 -108 194 89 -102 70 -52 70 -75 88 -137 87 -39 6599017.172666264 7821570.808463627 2.2178183520195019E-4 0.0 
0 -107 56 -113 69 -134 114 -4 191 -110 -26 117 -81 138 -70 57 165 -27 87 118 81 -35 100 -162 92 38 94 -77 -125 -179 -32 102 -30 -182 -91 -135 44 78 115 92 -149 102 89 9 45 -77 -124 -187 96 -134 -19 -171 -115 -136 36 70 164 116 -95 7 -177 96 -127 129 97 -74 114 -65 40 -121 97 91 -93 125 -45 59 -59 66 -58 90 -38 5719737.9414193425 1.7248078653816797E7 140.65123446575123 0.0 
-1 -106 56 -113 68 -136 116 -1 186 -109 -26 117 -81 137 -71 57 165 -12 85 114 80 -35 99 -146 95 38 98 -78 -95 -191 -30 102 -31 -133 -90 -135 44 79 116 90 -149 101 118 10 46 -77 -102 -98 35 -133 -18 -181 -115 -158 36 70 164 113 -95 6 -176 96 -126 129 97 -74 114 -63 42 -121 96 90 -93 123 -45 59 -59 86 -132 90 -38 6067675.895375329 1.168041247814275E7 14.19422878284483 0.0 
-2 -107 61 -113 68 -136 116 -2 191 -110 -27 117 -81 138 -71 58 165 -13 87 117 79 -35 100 -146 92 38 95 -77 -125 -178 -31 102 -31 -178 -90 -135 44 78 115 93 -149 100 89 9 44 -77 -124 -187 96 -130 -19 -180 -115 -136 37 69 164 118 -95 7 -176 96 -106 129 97 -74 114 -65 42 -120 96 90 -93 123 -44 59 -59 66 -58 90 -38 5787751.769903444 1.5843459745616874E7 123.4122508212001 0.0 
22 -136 85 -114 52 -136 116 -2 193 -135 -152 119 -82 137 -73 57 164 -9 82 65 76 -45 106 -142 104 50 96 -77 -93 -84 -33 81 -39 -113 -125 -134 46 59 117 145 -145 154 129 19 29 -74 -100 -89 51 -126 -16 -50 -130 -95 36 70 176 118 -90 25 -174 -197 -179 129 97 -73 110 -92 120 -113 42 58 -98 80 -41 59 -123 88 -138 88 -42 6389944.583732533 9103740.37084846 2.5788434526928023E-4 0.0 
0 -106 84 -112 68 -135 117 -5 185 -110 -25 116 -82 137 -112 58 166 -11 87 86 75 -36 100 -120 193 38 93 -78 -96 -87 -30 101 -31 -120 -109 -136 44 45 117 74 -149 101 86 10 47 -77 -99 -92 24 -130 -18 -182 -116 -159 36 70 162 118 -96 11 -178 96 -121 129 97 -68 140 -66 42 -120 95 91 -93 124 -47 57 -58 87 -138 90 -38 6219075.433264333 1.0189517202697054E7 2.5439602952296295E-4 0.0 
0 -107 87 -113 119 -112 116 -2 192 -109 -26 116 -81 137 -70 57 163 -5 86 117 79 -35 100 -162 92 38 94 -78 -125 -179 -29 102 -30 -183 -90 -133 44 78 116 91 -149 100 84 9 44 -77 -125 -188 102 -136 -23 -172 -115 -159 36 70 164 118 -95 6 -178 97 -124 129 97 -74 114 -64 45 -121 96 90 -93 123 -46 59 -59 66 -57 90 -38 5679601.679597856 1.847875855308849E7 141.26132204311452 0.0 
-2 -107 61 -113 69 -135 117 -1 192 -109 -26 117 -81 137 -70 56 166 -11 87 112 79 -35 100 -153 94 38 98 -78 -94 -191 -30 101 -29 -131 -91 -135 47 77 116 91 -149 100 84 9 44 -77 -99 -95 35 -128 -18 -171 -110 -158 37 69 164 116 -98 6 -176 96 -125 129 97 -74 114 -66 42 -121 97 90 -93 123 -45 58 -59 86 -135 90 -38 6067287.450711658 1.1708655586192813E7 3.018038225317549E-4 0.0 
-2 -108 83 -113 118 -113 117 -5 179 -111 -26 115 -81 191 -109 -103 166 -32 86 116 80 -35 99 -147 90 40 110 -77 -125 -189 -31 93 -49 -177 -120 -19 44 80 115 93 -151 169 140 9 100 -77 -125 -188 77 -181 -22 -171 -115 -157 36 70 164 118 -95 21 -182 96 -102 129 97 -75 114 -130 110 -125 97 90 -97 129 -45 59 -58 64 -59 89 -38 5619899.242826458 2.137085132585373E7 37.97564055451039 0.0 
-2 -108 83 -113 117 -113 117 -5 179 -111 -26 115 -81 191 -109 -103 166 -32 87 116 80 -35 99 -147 90 40 110 -77 -125 -178 -31 93 -49 -181 -120 -19 44 78 115 93 -151 169 141 9 100 -77 -125 -187 77 -181 -22 -171 -116 -157 36 70 164 118 -95 21 -180 96 -102 129 97 -75 114 -130 110 -125 97 90 -97 129 -45 59 -58 64 -59 89 -38 5626662.591899419 2.104925589280101E7 37.97562361940359 0.0 
-1 -106 61 -113 69 -137 116 -3 193 -110 -26 117 -81 138 -70 56 166 -12 86 117 79 -35 100 -148 94 38 94 -78 -94 -191 -30 101 -29 -131 -91 -134 44 79 116 93 -149 100 86 10 45 -77 -101 -94 35 -129 -18 -182 -115 -158 37 70 164 116 -95 6 -176 96 -127 129 97 -74 114 -64 42 -121 97 90 -93 125 -45 59 -59 90 -133 90 -38 6056097.81786899 1.1862047693050595E7 3.0237721801484126E-4 0.0 
0 -106 62 -113 69 -135 117 -3 193 -110 -26 117 -81 138 -70 56 165 -11 86 116 80 -35 100 -146 98 38 95 -77 -94 -181 -30 102 -30 -132 -90 -135 44 78 115 92 -149 100 118 9 47 -77 -97 -93 38 -137 -18 -180 -115 -158 37 70 164 113 -95 7 -177 96 -125 129 97 -75 111 -65 42 -120 97 91 -95 125 -44 59 -59 66 -58 90 -38 5999723.793608018 1.2657372972805131E7 15.13197815529772 0.0 
-33 -115 45 -71 47 -68 35 159 65 -155 -134 58 -78 163 -80 55 189 -21 100 170 63 0 112 -96 113 96 37 48 86 97 -56 111 47 -95 -142 -162 43 55 21 144 117 9 -130 -140 -160 42 64 14 137 -108 -3 -59 -110 -162 58 102 94 101 -99 19 -195 -155 -152 152 105 -42 -31 -77 52 -123 5 85 30 134 -77 -99 -135 -68 -143 38 -135 7494040.4787205355 5440973.671741418 2.3577191157533574E-4 0.0 
0 -107 60 -113 68 -135 117 -4 192 -110 -27 116 -82 137 -70 58 165 -11 87 116 77 -35 100 -148 95 38 95 -77 -94 -191 -30 101 -29 -131 -90 -136 45 78 116 93 -149 100 118 9 47 -77 -100 -93 42 -129 -18 -181 -115 -158 36 70 164 115 -95 7 -176 96 -126 129 97 -69 114 -66 44 -120 97 91 -92 125 -44 59 -59 66 -58 90 -38 5928716.146058084 1.3581062226642607E7 121.43429112545289 0.0 
0 -107 62 -113 69 -134 117 -3 185 -110 -25 116 -81 137 -71 56 164 -12 86 117 80 -35 100 -147 92 38 97 -77 -94 -192 -29 101 -29 -131 -91 -135 44 66 117 96 -149 100 115 9 44 -77 -100 -98 36 -136 -19 -182 -115 -137 36 70 164 112 -95 7 -176 95 -124 129 97 -74 114 -65 42 -120 96 90 -94 123 -45 59 -59 66 -57 90 -38 5879136.487119179 1.4333877772562174E7 131.53639038080794 0.0 
0 -107 56 -113 69 -137 117 -2 186 -112 -26 117 -81 137 -71 57 165 -13 87 117 81 -35 100 -153 91 38 94 -77 -125 -179 -30 101 -30 -131 -90 -133 44 78 115 92 -149 101 88 10 44 -77 -124 -186 91 -135 -19 -180 -115 -158 37 70 164 116 -95 7 -173 97 -125 129 97 -74 114 -65 44 -120 97 90 -93 124 -76 59 -59 66 -58 90 -38 5847933.317179169 1.4869728654242666E7 140.80953450842577 0.0 
27 -132 47 -115 44 -118 100 -18 184 -132 -153 126 -80 137 -77 120 161 -12 86 61 64 -14 116 -59 45 49 100 -78 -89 -96 -68 128 29 -79 -106 -131 46 54 120 89 87 153 104 -39 -71 -77 -90 -97 17 -116 -8 -20 -115 -135 36 69 94 83 -98 20 -181 -154 -173 128 97 -76 108 -92 117 -108 194 89 -102 71 -52 71 -75 88 -137 87 -39 6629292.708290191 7581684.684742569 2.179303352360225E-4 0.0 
0 -106 84 -113 50 -135 116 -2 192 -110 -28 117 -75 137 -111 57 166 -12 87 82 75 -35 100 -116 195 38 96 -77 -98 -89 -30 99 -31 -120 -90 -135 44 79 126 74 -148 100 74 10 47 -76 -98 -92 30 -130 -18 -182 -115 -158 36 69 163 115 -96 7 -176 96 -119 131 97 -69 113 -62 43 -120 98 91 -98 124 -45 59 -58 79 -137 90 -38 6252570.4734886065 9883323.086676227 2.535198739499591E-4 0.0 
-1 -106 62 -113 69 -136 117 -4 192 -110 -26 117 -81 139 -71 57 166 -18 86 112 80 -34 100 -156 98 38 94 -77 -94 -192 -30 102 -31 -130 -91 -135 44 48 115 91 -148 100 86 9 44 -76 -104 -93 33 -130 -19 -180 -115 -158 37 70 164 115 -92 7 -176 96 -127 129 97 -74 114 -66 44 -120 97 90 -95 120 -45 59 -59 66 -57 90 -38 5988868.064314508 1.285408982196981E7 3.0487100109546087E-4 0.0 
27 -132 49 -115 43 -117 99 -10 191 -132 -153 119 -80 140 -73 122 167 -17 96 75 65 -14 115 -64 144 42 91 -76 -85 -93 -68 125 30 -112 -101 -131 -22 52 115 69 85 148 102 -41 -70 -77 -90 -94 17 -114 -7 -19 -115 -135 36 70 95 84 -98 16 -181 -154 -178 129 97 -72 114 -91 118 -107 194 89 -93 69 -55 71 -75 89 -138 86 -39 6729246.079218958 7198079.127682196 78.48530574323546 0.0 
-1 -106 56 -113 70 -133 116 1 189 -110 -26 117 -82 138 -71 57 166 -12 87 113 86 -35 100 -148 95 38 95 -77 -94 -191 -29 101 -31 -132 -90 -135 45 75 115 90 -148 100 118 10 44 -77 -125 -181 90 -129 -18 -182 -115 -159 36 70 164 117 -95 7 -176 95 -127 129 97 -74 114 -65 42 -120 96 90 -93 123 -45 59 -59 67 -57 87 -38 5977202.043700111 1.3145254386705091E7 3.1088033122878087E-4 0.0 
31 -132 48 -115 44 -118 99 -18 184 -132 -154 126 -80 125 -77 122 167 -12 86 61 74 -14 116 -59 51 53 100 -78 -89 -96 0 128 28 -81 -106 -132 46 51 122 96 87 153 104 -39 -70 -77 -91 -97 17 -116 -8 -19 -115 -135 36 69 94 83 -98 20 -181 -154 -177 129 97 -72 114 -91 117 -108 194 89 -104 70 -53 70 -75 88 -137 87 -51 6601399.018572561 7675113.716023036 37.61360545772792 0.0 
32 -132 48 -115 44 -118 100 -18 184 -132 -153 125 -80 120 -77 122 161 -12 86 61 65 -14 115 -59 45 48 36 -78 -89 -93 -68 129 29 -81 -103 -132 46 51 114 96 87 153 103 -39 -71 -77 -90 -97 17 -116 -8 -20 -115 -135 36 69 94 83 -98 20 -181 -154 -172 129 97 -76 109 -92 72 -108 194 89 -104 71 -53 70 -75 88 -137 87 -40 6689739.96215627 7395701.8961150125 36.83859331338368 0.0 
0 -106 62 -113 69 -135 116 -3 193 -110 -26 117 -81 138 -70 57 165 -11 86 116 80 -34 100 -150 98 38 98 -77 -95 -189 -30 102 -29 -131 -90 -135 44 78 116 92 -148 100 118 9 43 -77 -100 -98 38 -137 -18 -180 -116 -158 37 70 162 112 -95 7 -177 97 -125 129 97 -74 111 -66 41 -121 97 90 -95 125 -44 60 -59 66 -58 90 -38 5959696.5758456085 1.3199113053515237E7 135.79925190387965 0.0 
0 -106 85 -113 50 -135 117 -2 184 -110 -26 116 -82 137 -71 53 165 -11 87 86 74 -35 100 -153 95 38 96 -78 -98 -86 -30 101 -29 -131 -91 -136 45 78 125 91 -149 101 89 20 50 -77 -99 -91 36 -130 -18 -179 -109 -158 37 70 160 115 -96 6 -176 97 -128 131 97 -69 137 -66 40 -120 95 91 -93 124 -45 58 -58 87 -139 90 -38 6156666.671672426 1.0632512375925854E7 2.84347669028615E-4 0.0 
-1 -106 62 -113 68 -136 116 -3 193 -109 -26 116 -81 137 -71 56 165 -11 87 117 79 -35 100 -147 92 38 97 -77 -125 -179 -33 101 -31 -183 -83 -135 44 78 115 90 -149 102 89 10 44 -77 -125 -186 93 -130 -17 -172 -116 -134 34 71 164 118 -95 7 -177 96 -122 128 97 -74 114 -65 40 -121 77 90 -93 125 -45 59 -59 67 -57 90 -38 5749611.059735894 1.6568962226543155E7 3.406144190151601E-4 0.0 
32 -132 48 -115 44 -118 89 -16 184 -132 -154 123 -80 122 -83 120 161 -13 86 61 88 -14 116 -68 53 51 100 -76 -89 -95 3 128 28 -81 -126 -145 46 60 122 97 86 151 125 16 26 -77 -90 -97 17 -115 -8 -19 -116 -135 36 69 94 81 -98 16 -181 -152 -177 129 97 -72 108 -91 117 -107 194 89 -102 70 -55 70 -73 88 -138 87 -52 6491956.708064028 8252291.151111321 2.2910521134446006E-4 0.0 
-1 -107 80 -113 117 -112 117 -4 192 -109 -26 115 -81 133 -111 -106 166 -33 87 116 80 -35 100 -147 89 40 109 -77 -125 -177 -31 92 -49 -177 -120 -19 45 78 115 92 -151 170 133 9 100 -77 -125 -186 77 -158 -18 -171 -115 -158 36 70 164 118 -95 16 -182 96 -102 129 97 -75 114 -130 110 -125 116 91 -98 128 -45 59 -58 64 -60 90 -38 5678795.738211758 1.896713387487798E7 3.3280929388824793E-4 0.0 
0 -107 62 -113 68 -113 116 -3 192 -109 -27 117 -81 138 -70 57 165 -5 87 117 81 -35 100 -147 91 38 95 -78 -125 -179 -31 102 -31 -183 -90 -135 44 78 115 92 -149 102 89 10 44 -76 -125 -184 96 -130 -17 -180 -115 -136 36 70 164 116 -95 6 -177 96 -105 129 97 -74 114 -65 40 -121 77 91 -93 125 -45 59 -59 67 -58 90 -38 5777422.808609876 1.61098644985267E7 3.1966063108382E-4 0.0 
0 -106 85 -113 69 -134 117 -5 192 -110 -26 118 -79 137 -70 56 165 -12 87 110 79 -34 100 -155 98 38 94 -77 -94 -190 -30 102 -31 -131 -91 -135 44 77 116 90 -149 101 119 9 45 -77 -100 -91 29 -139 -18 -181 -115 -158 37 70 163 118 -95 7 -177 96 -127 129 97 -69 115 -66 42 -120 96 90 -91 125 -45 59 -59 86 -139 90 -38 6135588.904724549 1.087765031969984E7 15.425370947975523 0.0 
-1 -108 56 -113 118 -113 117 -4 180 -110 -29 115 -81 191 -110 -107 166 -32 87 116 80 -35 99 -147 90 39 110 -77 -126 -190 -31 91 -49 -177 -120 -16 44 78 115 93 -151 168 133 9 100 -77 -125 -186 77 -156 -18 -171 -115 -156 36 70 164 118 -95 19 -182 96 -102 129 97 -75 114 -130 110 -125 72 90 -97 129 -46 59 -60 66 -59 87 -38 5659111.235104133 1.9653606980766445E7 37.769309152817364 0.0 
27 -132 49 -124 44 -118 99 -20 186 -132 -154 118 -80 135 -82 135 161 -13 94 61 64 -14 190 -64 117 49 90 -76 -85 -94 -55 128 28 -116 -106 -133 -23 -31 114 91 87 148 101 -38 -133 -74 -91 -94 15 -112 -7 -19 -115 -135 36 69 94 83 -97 16 -181 -154 -178 129 97 -76 109 -92 117 -107 194 89 -102 71 -53 70 -74 89 -133 86 -53 6866340.208101092 6796372.967463493 46.71952335780096 0.0 
31 -132 48 -115 44 -118 100 -18 187 -132 -153 126 -80 135 -77 122 161 -12 86 61 65 -14 116 -59 45 71 90 -78 -85 -96 -69 128 28 -83 -106 -131 46 56 121 95 87 147 104 -39 -70 -77 -90 -97 17 -116 -8 -20 -115 -135 36 69 94 83 -98 13 -181 -154 -172 128 97 -72 108 -92 117 -108 194 89 -102 70 -52 70 -73 88 -137 87 -39 6654123.934703859 7439648.801165482 2.131721555399394E-4 0.0 
-1 -106 56 -113 69 -136 116 -6 188 -110 -26 117 -81 137 -70 56 165 -11 87 117 80 -34 100 -148 95 38 94 -77 -94 -191 -29 100 -30 -132 -90 -135 44 78 116 90 -149 100 118 9 44 -77 -125 -177 39 -136 -19 -182 -115 -158 36 70 164 116 -95 7 -176 95 -131 129 97 -75 114 -66 42 -120 95 90 -93 124 -44 60 -59 66 -57 90 -38 5979422.171606679 1.3070778693101857E7 14.594203766568926 0.0 
-2 -108 83 -115 117 -113 117 -5 192 -110 -26 114 -81 191 -110 -107 166 -33 87 116 80 -35 100 -148 90 40 110 -77 -125 -178 -31 93 -49 -177 -120 -19 45 79 115 92 -151 169 133 9 100 -77 -125 -186 77 -158 -20 -171 -115 -157 36 70 164 118 -95 20 -182 96 -102 129 97 -75 114 -130 110 -125 96 90 -97 126 -43 60 -60 64 -60 90 -38 5658761.35729883 1.9476450194621764E7 37.869883931699704 0.0 
-1 -106 61 -113 69 -114 116 -2 185 -110 -26 117 -81 137 -70 57 165 -13 87 116 80 -35 100 -148 95 38 98 -77 -125 -179 -31 102 -30 -182 -91 -135 44 78 115 90 -148 100 117 9 45 -77 -124 -188 98 -130 -17 -173 -115 -159 34 70 164 118 -95 6 -178 96 -129 129 97 -74 114 -67 40 -121 96 91 -93 123 -44 59 -59 67 -58 90 -38 5789479.944461379 1.6012297787482303E7 3.310522912404908E-4 0.0 
-1 -106 60 -113 69 -133 117 -2 185 -110 -26 117 -81 138 -72 57 166 -13 87 112 87 -35 100 -146 93 38 98 -77 -125 -180 -32 102 -30 -131 -91 -136 43 78 115 91 -149 100 88 9 44 -77 -124 -187 98 -129 -18 -181 -115 -158 36 69 163 118 -95 7 -177 96 -127 129 97 -69 114 -66 40 -121 96 91 -93 125 -45 59 -59 66 -57 90 -38 5866949.189590637 1.4725451662520126E7 3.2533322187028476E-4 0.0 
-1 -108 83 -113 117 -113 117 -5 180 -110 -26 114 -81 137 -111 -104 164 -31 87 117 80 -35 100 -147 92 40 110 -77 -125 -178 -33 92 -49 -181 -120 -19 44 79 118 93 -151 151 130 6 100 -77 -125 -186 78 -158 -19 -171 -115 -157 36 70 164 118 -95 20 -182 96 -102 131 97 -75 114 -130 110 -125 117 90 -97 126 -44 59 -58 64 -60 90 -38 5668640.723348858 1.9276017072924312E7 3.310681582720723E-4 0.0 
-1 -106 62 -113 69 -136 117 0 185 -111 -25 117 -81 138 -70 57 166 -11 86 117 80 -35 100 -146 92 38 98 -77 -94 -191 -30 102 -30 -132 -91 -133 44 78 116 96 -150 100 118 9 44 -77 -102 -95 33 -130 -16 -180 -115 -158 37 70 164 115 -92 6 -176 96 -127 129 97 -69 114 -65 44 -121 97 90 -93 125 -45 60 -59 66 -58 90 -38 5959984.7856591325 1.332990300564431E7 3.108135601315181E-4 0.0 
0 -106 85 -113 50 -134 117 -2 185 -110 -27 117 -82 137 -71 53 165 -11 87 86 74 -35 100 -153 95 38 96 -78 -98 -87 -30 101 -29 -132 -88 -135 45 78 127 91 -148 101 85 20 45 -77 -98 -94 36 -130 -18 -180 -109 -158 37 70 160 115 -96 6 -176 96 -128 131 97 -69 137 -65 42 -120 95 90 -93 124 -45 59 -59 88 -139 90 -38 6172407.939690938 1.0469735087496322E7 2.8100733693091644E-4 0.0 
0 -107 56 -113 69 -133 117 -2 185 -110 -26 117 -81 137 -71 57 165 -13 87 117 81 -35 100 -153 91 38 94 -77 -125 -180 -31 101 -30 -131 -90 -133 44 78 116 91 -149 101 88 10 45 -77 -124 -186 91 -129 -17 -180 -115 -158 37 70 164 116 -95 7 -173 97 -125 129 97 -74 114 -65 44 -120 97 90 -93 124 -76 59 -59 66 -58 90 -38 5856363.40894592 1.4829727108564217E7 3.307472823506602 0.0 
33 -133 50 -116 37 -117 99 -16 184 -132 -153 126 -80 136 -77 122 162 -9 86 61 64 -14 115 -64 149 49 91 -78 -88 -94 -68 127 28 -112 -102 -131 49 51 113 67 91 153 102 -40 -70 -77 -90 -97 17 -116 -7 -19 -115 -135 36 69 94 83 -98 16 -182 -154 -178 128 96 -72 114 -92 117 -107 194 89 -93 69 -55 70 -75 91 -137 86 -39 6669134.919011623 7370453.768087075 49.45805351789527 0.0 
-1 -107 56 -113 68 -134 116 -3 192 -109 -25 117 -81 137 -70 56 164 -11 87 117 81 -34 100 -150 96 38 95 -77 -94 -192 -30 102 -29 -131 -89 -135 44 78 115 95 -149 100 121 11 47 -77 -102 -97 36 -136 -18 -181 -115 -158 36 70 164 113 -95 6 -176 95 -124 129 97 -74 110 -66 45 -120 96 90 -93 123 -44 59 -59 68 -58 90 -38 5918374.464505508 1.3669511162007118E7 272.4999127487876 0.0 
-1 -108 83 -113 122 -113 117 -4 179 -111 -26 115 -81 135 -111 -105 166 -32 87 116 80 -35 100 -147 90 40 110 -78 -125 -178 -31 92 -34 -181 -120 -19 44 78 115 93 -151 169 140 9 100 -77 -125 -187 77 -180 -22 -171 -115 -157 32 70 164 118 -95 14 -180 96 -102 129 97 -75 115 -131 110 -125 77 90 -98 129 -41 59 -58 67 -60 89 -38 5648891.817349754 2.0062863546083532E7 3.393142799211401E-4 0.0 
0 -107 60 -113 69 -134 117 -4 185 -111 -26 116 -81 138 -70 56 165 -11 87 117 80 -35 100 -147 92 38 94 -77 -125 -179 -32 101 -30 -182 -91 -135 44 78 115 92 -148 101 91 9 45 -77 -125 -187 93 -136 -19 -173 -116 -136 37 70 164 115 -95 7 -177 96 -124 129 97 -74 114 -65 43 -120 97 91 -93 125 -44 59 -59 66 -58 91 -38 5738985.764790183 1.6633381074804233E7 141.7057749153134 0.0 
0 -106 60 -113 68 -114 117 -4 193 -108 -26 117 -81 138 -70 57 166 -12 85 113 81 -34 100 -153 95 38 97 -78 -95 -192 -31 101 -32 -131 -91 -135 44 78 117 93 -149 101 119 9 47 -77 -99 -94 30 -137 -17 -179 -109 -160 36 70 164 115 -95 7 -176 96 -125 129 97 -74 114 -63 42 -120 94 91 -93 123 -46 58 -59 66 -57 90 -38 5964148.644276739 1.3138481993333288E7 15.189424224425778 0.0 
-1 -108 83 -113 118 -113 117 -4 180 -109 -26 115 -81 191 -109 -107 166 -33 87 116 80 -25 101 -148 90 40 111 -77 -125 -188 -31 92 -49 -178 -120 -19 45 78 115 93 -152 163 118 9 100 -77 -125 -186 77 -182 -19 -171 -115 -157 36 70 164 118 -95 21 -182 96 -103 129 97 -75 114 -130 110 -125 97 90 -94 129 -46 59 -58 64 -60 89 -38 5609573.844226105 2.151084804034553E7 168.63573157724204 0.0 
32 -132 50 -115 44 -118 99 -20 190 -132 -153 125 -80 135 -77 121 161 -13 101 61 64 -14 115 -65 116 49 90 -76 -85 -93 -51 125 28 -115 -104 -132 49 51 114 67 90 153 103 -42 -71 -74 -91 -97 17 -116 -8 -20 -115 -135 36 69 94 83 -98 20 -181 -154 -178 128 97 -72 109 -92 72 -107 194 89 -93 70 -56 70 -75 89 -137 87 -38 6649133.022561278 7484572.506616792 47.201475010104694 0.0 
-2 -108 83 -113 117 -113 117 -5 180 -110 -26 115 -81 191 -111 -103 166 -33 87 116 80 -35 99 -147 90 40 110 -77 -125 -178 -31 93 -49 -181 -120 -19 44 78 115 93 -151 169 136 9 100 -77 -125 -187 104 -158 -20 -171 -116 -157 36 70 164 117 -95 21 -182 96 -102 129 97 -75 114 -130 110 -125 97 90 -97 123 -45 59 -59 64 -59 89 -38 5649730.519723342 1.9793821023206487E7 166.20238772451685 0.0 
-1 -107 58 -113 69 -115 117 -3 192 -109 -26 116 -81 138 -70 56 165 -12 87 117 80 -35 100 -147 95 38 94 -77 -126 -179 -30 102 -31 -132 -91 -134 44 75 116 92 -148 100 118 9 47 -76 -125 -188 90 -136 -18 -180 -115 -159 37 70 164 118 -95 7 -177 96 -127 129 97 -74 114 -65 45 -120 78 91 -93 124 -45 59 -59 67 -58 90 -38 5809631.693618741 1.545779677458303E7 15.624647094687086 0.0 
-1 -106 85 -113 69 -134 117 -2 192 -109 -26 117 -81 137 -70 58 165 -12 85 116 80 -35 99 -153 87 38 94 -77 -93 -192 -30 101 -29 -131 -87 -135 44 78 116 90 -149 101 85 19 45 -77 -98 -98 29 -129 -18 -180 -115 -158 36 70 164 113 -95 6 -177 96 -126 129 97 -69 115 -66 42 -120 96 90 -92 125 -45 59 -59 86 -139 90 -38 6119531.499268938 1.114648042370132E7 2.939647603665158E-4 0.0 
-2 -106 84 -114 69 -133 117 -4 192 -110 -26 118 -81 137 -72 55 164 -11 87 79 74 -34 100 -147 97 38 96 -78 -97 -88 -31 101 -29 -132 -88 -135 45 78 116 92 -149 101 85 33 49 -77 -103 -95 33 -129 -17 -182 -115 -158 36 70 159 114 -96 7 -176 96 -128 128 99 -69 109 -66 42 -120 97 91 -95 124 -45 60 -59 88 -139 90 -38 6139794.972926142 1.092512310022208E7 2.833172319042208E-4 0.0 
0 -107 56 -113 69 -136 117 1 185 -110 -26 117 -81 137 -71 56 165 -12 87 117 80 -34 100 -146 92 39 97 -77 -125 -179 -29 101 -31 -133 -90 -135 44 78 115 92 -148 101 118 9 45 -77 -124 -188 91 -136 -19 -180 -115 -134 35 70 164 118 -95 6 -176 95 -125 129 97 -74 114 -65 42 -121 96 90 -93 125 -45 59 -59 66 -58 90 -38 5819612.844757896 1.5222039035407543E7 255.92994252841706 0.0 
-1 -108 83 -113 117 -113 117 -4 180 -111 -26 115 -81 191 -109 -104 160 -35 87 116 80 -25 100 -148 90 40 137 -77 -125 -188 -31 91 -52 -178 -120 -19 45 78 115 93 -152 169 119 9 100 -77 -125 -186 77 -182 -19 -173 -115 -157 36 70 164 118 -95 21 -182 96 -103 129 97 -75 114 -130 110 -125 91 90 -98 129 -45 59 -58 64 -60 90 -38 5628578.855726144 2.1453790803229854E7 37.77231510470112 0.0 
0 -106 60 -114 69 -134 116 -3 192 -111 -26 117 -81 138 -71 57 166 -12 87 117 81 -35 100 -146 94 38 97 -78 -94 -192 -30 101 -29 -131 -91 -135 44 77 116 90 -149 100 118 13 44 -77 -101 -95 35 -136 -19 -180 -115 -160 36 69 164 113 -95 6 -177 97 -124 129 97 -74 114 -75 42 -120 94 90 -95 125 -45 59 -59 66 -57 90 -38 6008797.046360452 1.2400936724011147E7 14.88920987743606 0.0 
-1 -106 56 -113 69 -136 117 -2 186 -110 -26 117 -81 137 -71 57 165 -12 87 113 79 -36 100 -156 91 38 97 -77 -125 -179 -29 101 -30 -133 -90 -135 44 78 115 90 -149 101 85 9 44 -77 -124 -188 96 -129 -17 -180 -115 -135 37 71 164 116 -95 6 -173 95 -106 128 97 -74 114 -65 42 -121 97 90 -93 125 -45 59 -59 66 -57 90 -38 5839260.961131387 1.4984999511260977E7 126.0964994563302 0.0 
28 -132 49 -115 52 -117 99 -5 181 -132 -153 119 -80 121 -75 120 161 -13 86 61 74 -14 116 -67 67 49 100 -78 -89 -92 -52 128 30 -81 -126 -143 46 55 122 68 89 151 126 16 27 -77 -90 -97 23 -116 -6 -20 -115 -135 36 69 94 82 -98 16 -181 -152 -177 129 97 -72 108 -91 117 -107 194 89 -103 71 -52 70 -73 88 -139 87 -52 6476244.483715243 8295909.645068818 87.12166823487466 0.0 
27 -132 48 -115 54 -117 97 -5 184 -133 -156 119 -81 121 -77 120 161 -12 85 61 73 -14 125 -61 89 49 101 -78 -88 -92 -48 130 29 -80 -128 -147 46 55 122 68 90 153 127 15 28 -78 -91 -97 17 -116 -7 -20 -116 -135 36 69 94 82 -98 20 -181 -151 -172 129 97 -72 108 -89 118 -107 193 89 -103 66 -55 70 -81 91 -138 87 -54 6509484.086651913 8188643.611975047 48.37012518239307 0.0 
-1 -106 62 -113 69 -136 116 -1 192 -109 -26 117 -81 137 -71 56 163 -12 86 117 79 -34 99 -154 93 38 94 -77 -125 -179 -31 101 -31 -130 -91 -134 44 78 116 92 -148 100 85 10 44 -76 -125 -188 90 -136 -18 -173 -115 -137 37 70 164 117 -95 7 -182 96 -125 129 97 -74 114 -66 42 -120 96 91 -93 125 -45 59 -59 67 -57 90 -38 5788586.489683413 1.579773667537365E7 138.19244098010216 0.0 
-1 -106 61 -113 69 -136 116 -5 192 -110 -26 118 -81 137 -70 57 166 -12 85 112 81 -34 100 -147 98 38 98 -78 -96 -191 -30 102 -29 -132 -91 -134 44 78 115 90 -149 100 87 10 45 -77 -125 -184 103 -136 -18 -180 -115 -158 37 71 164 116 -98 4 -176 96 -126 128 97 -74 114 -65 45 -121 98 90 -93 125 -45 58 -59 66 -58 90 -38 5867381.27242689 1.4586448344537163E7 139.16677758774924 0.0 
-1 -108 84 -114 118 -113 117 -5 180 -107 -26 115 -81 191 -109 -104 166 -32 87 116 80 -24 100 -147 92 42 137 -77 -125 -178 -34 91 -49 -181 -118 -19 44 70 115 93 -152 163 118 9 100 -77 -125 -186 77 -181 -19 -172 -115 -157 36 70 164 118 -95 20 -182 96 -102 129 97 -75 114 -118 107 -125 97 90 -92 129 -45 59 -58 66 -59 90 -38 5628573.03902264 2.1167726900726546E7 37.87366910424148 0.0 
-1 -107 58 -113 69 -136 117 -3 191 -110 -26 117 -81 137 -71 57 163 -13 86 116 80 -35 100 -147 91 38 97 -77 -125 -178 -29 100 -31 -129 -91 -135 44 78 115 90 -149 101 84 9 45 -77 -124 -189 98 -129 -17 -182 -115 -158 34 69 164 118 -95 5 -177 88 -127 129 97 -74 114 -65 42 -121 96 90 -93 123 -45 59 -59 66 -57 90 -38 5846317.259638391 1.495900905931971E7 3.301300144836064E-4 0.0 
-1 -107 56 -114 68 -134 114 -1 192 -110 -25 117 -81 138 -70 56 164 -11 87 117 81 -34 100 -147 94 38 97 -78 -94 -191 -31 102 -31 -131 -91 -135 44 75 116 95 -149 100 118 9 44 -77 -100 -94 36 -136 -19 -181 -115 -157 36 70 164 103 -95 7 -176 95 -126 129 97 -74 114 -66 42 -121 96 90 -93 123 -45 59 -59 66 -58 90 -38 5914886.692609059 1.375733935442263E7 135.01530554338976 0.0 
-1 -106 56 -113 69 -136 117 -2 186 -110 -26 117 -81 137 -71 57 165 -13 87 113 79 -36 100 -156 91 38 97 -77 -125 -179 -29 101 -30 -133 -90 -135 44 78 115 92 -149 101 85 9 44 -77 -124 -188 96 -129 -17 -180 -115 -135 37 70 164 116 -95 6 -173 95 -106 128 97 -74 114 -65 42 -121 97 90 -93 123 -45 59 -59 66 -57 90 -38 5829069.164421388 1.5090763682750482E7 126.25995954701827 0.0 
-2 -108 83 -114 118 -113 117 -4 180 -111 -26 115 -81 192 -110 -103 166 -32 86 116 80 -35 99 -148 90 40 110 -77 -125 -178 -31 92 -48 -181 -120 -19 44 78 115 93 -151 181 117 9 100 -77 -125 -186 77 -181 -28 -171 -115 -157 36 70 164 118 -95 21 -182 96 -102 129 97 -75 114 -130 110 -125 93 90 -97 126 -45 59 -59 66 -58 87 -38 5618035.530742599 2.1127463472490676E7 162.365626885185 0.0 
-1 -108 56 -113 118 -113 117 -5 143 -110 -26 115 -81 191 -111 -103 164 -33 87 116 80 -35 100 -147 90 40 111 -77 -125 -178 -33 91 -49 -181 -120 -19 44 73 115 92 -151 168 132 9 100 -77 -125 -187 77 -159 -18 -171 -115 -157 36 70 164 118 -95 14 -169 96 -104 130 97 -75 114 -130 111 -125 97 90 -98 129 -41 59 -58 66 -59 87 -38 5659259.983506378 1.9388366238444835E7 161.88759290082027 0.0 
0 -106 81 -139 125 -139 115 -4 192 -109 -28 117 -81 137 -71 56 163 -11 87 112 79 -35 99 -160 92 38 95 -77 -125 -174 -31 102 -30 -184 -91 -134 44 78 116 92 -149 100 84 9 44 -77 -124 -188 89 -136 -17 -173 -115 -137 36 70 164 118 -95 7 -177 96 -124 128 97 -74 114 -65 42 -120 97 91 -93 124 -45 59 -59 66 -57 90 -38 5709917.047215223 1.735745653308842E7 256.0036054799671 0.0 
0 -109 61 -113 69 -114 116 1 189 -109 -25 117 -81 137 -70 57 165 -12 82 118 81 -35 100 -147 98 40 97 -77 -94 -190 -31 102 -29 -131 -91 -136 44 77 118 99 -148 100 118 9 45 -77 -100 -95 45 -129 -18 -181 -110 -158 36 71 164 116 -95 6 -176 95 -128 129 97 -74 114 -66 42 -120 97 91 -93 123 -49 60 -59 66 -58 90 -38 5908000.781332672 1.3998745317192836E7 121.4342511578176 0.0 
0 -106 83 -81 68 -134 116 -5 186 -108 -26 117 -81 137 -72 55 166 -11 85 112 80 -35 100 -146 100 39 98 -77 -95 -197 -30 101 -30 -132 -91 -136 45 78 115 91 -149 100 86 10 47 -77 -102 -98 37 -129 -19 -180 -115 -158 36 70 163 116 -95 7 -176 96 -125 129 97 -75 101 -65 42 -121 96 91 -92 123 -45 57 -66 86 -135 90 -38 6099890.176155282 1.1312900421468742E7 2.8553846639760245E-4 0.0 
0 -106 61 -113 67 -114 116 1 192 -110 -25 116 -81 139 -71 56 165 -12 86 116 81 -35 100 -146 94 38 97 -77 -92 -191 -30 102 -31 -131 -90 -135 44 78 115 93 -149 100 117 9 44 -77 -100 -97 92 -129 -18 -179 -115 -158 36 71 164 116 -95 7 -176 96 -132 129 97 -74 114 -66 41 -120 96 91 -93 123 -45 59 -59 66 -58 90 -38 5919958.218575859 1.3892400811904753E7 3.050093331651765E-4 0.0 
27 -132 50 -115 44 -118 99 -11 187 -132 -154 126 -80 135 -81 122 163 -17 85 61 64 -14 115 -64 113 49 99 -79 -85 -94 -68 125 29 -116 -101 -131 -23 62 122 97 86 148 101 -39 -70 -74 -91 -97 25 -112 -6 -19 -115 -135 36 69 94 82 -98 20 -181 -154 -178 129 97 -72 108 -92 118 -107 194 89 -102 70 -52 71 -73 89 -137 87 -51 6727207.379642734 7287902.388119227 2.1465998108163417E-4 0.0 
-2 -107 58 -113 68 -113 117 -3 191 -109 -26 117 -81 137 -70 56 165 -12 86 117 80 -35 100 -146 95 38 94 -78 -126 -179 -30 101 -31 -131 -91 -135 44 75 116 92 -148 100 119 10 47 -77 -125 -188 93 -130 -18 -180 -115 -158 37 69 164 139 -95 6 -177 96 -127 129 97 -75 114 -63 41 -120 79 91 -93 125 -45 59 -59 67 -57 90 -38 5816658.316246601 1.5482458503604667E7 3.2223566183237805E-4 0.0 
-1 -106 62 -113 69 -136 117 -3 192 -110 -26 116 -81 139 -71 57 166 -12 86 112 81 -34 100 -149 98 38 94 -78 -94 -191 -30 102 -31 -131 -91 -134 44 48 115 96 -149 100 86 9 47 -77 -99 -93 33 -129 -18 -180 -115 -158 36 70 164 115 -95 7 -176 96 -127 129 97 -74 114 -66 45 -120 97 90 -93 125 -45 58 -59 66 -57 90 -38 5927025.0570711605 1.3613764025859984E7 3.131855739196485E-4 0.0 
-1 -107 56 -113 69 -136 117 -3 191 -110 -26 117 -81 137 -71 57 163 -13 86 116 79 -35 100 -147 91 38 95 -77 -125 -179 -30 101 -31 -129 -90 -135 44 78 116 90 -149 101 84 9 45 -77 -124 -189 98 -129 -17 -173 -115 -158 34 69 164 118 -95 5 -177 88 -129 128 97 -74 114 -65 40 -120 96 90 -93 123 -45 59 -59 67 -57 90 -38 5804430.86586413 1.5687228539153906E7 3.3494715353356313E-4 0.0 
-1 -106 62 -113 68 -136 116 -2 193 -110 -27 117 -78 137 -71 59 166 -11 87 116 80 -34 100 -155 98 38 95 -77 -93 -191 -30 102 -29 -131 -90 -136 45 78 116 92 -149 100 119 10 45 -77 -98 -93 33 -137 -18 -181 -115 -158 36 70 164 116 -95 7 -176 97 -126 129 97 -74 111 -66 44 -120 96 90 -93 125 -45 59 -59 67 -58 90 -38 5977290.8658650685 1.2896917364313662E7 270.59655748314555 0.0 
-1 -107 80 -113 122 -136 117 -3 186 -110 -26 117 -81 137 -71 57 163 -15 87 117 79 -35 100 -156 93 38 98 -77 -125 -177 -32 102 -30 -183 -90 -133 43 78 116 91 -149 101 84 9 45 -77 -125 -189 93 -136 -19 -172 -116 -137 36 70 164 118 -95 7 -176 108 -122 128 97 -74 114 -66 45 -120 96 90 -93 125 -45 59 -59 67 -58 90 -38 5689274.0599914035 1.7958613746933658E7 141.56775696299377 0.0 
0 -106 61 -113 67 -114 117 1 192 -110 -25 116 -81 139 -71 56 166 -12 86 116 81 -35 100 -153 94 38 97 -78 -94 -191 -30 102 -31 -131 -90 -135 44 78 115 93 -149 100 117 9 41 -77 -99 -97 35 -129 -18 -179 -115 -158 36 71 164 116 -95 7 -176 96 -126 129 97 -74 114 -66 45 -121 97 91 -93 123 -45 60 -59 66 -58 90 -38 6007958.98350991 1.2571054181605274E7 2.888595321493122E-4 0.0 
-1 -106 62 -113 69 -136 116 -2 192 -110 -26 117 -81 139 -72 57 166 -11 86 112 80 -35 100 -146 98 38 95 -78 -94 -193 -32 102 -29 -132 -91 -134 44 78 115 96 -149 100 118 10 47 -77 -104 -95 30 -130 -18 -180 -115 -159 37 71 171 117 -92 7 -176 96 -127 129 98 -69 126 -66 45 -121 94 90 -93 123 -45 58 -59 66 -57 90 -38 5949731.338568856 1.3380321465679418E7 119.50163821584178 0.0 
0 -107 58 -113 69 -115 117 -3 192 -109 -26 116 -81 138 -70 56 165 -12 87 117 81 -35 100 -148 95 38 94 -77 -126 -179 -31 102 -30 -132 -91 -136 44 75 116 92 -148 100 118 9 47 -77 -125 -188 90 -136 -19 -180 -115 -159 37 70 164 118 -95 6 -177 96 -124 129 97 -74 114 -65 45 -120 78 91 -93 124 -45 59 -59 67 -58 90 -38 5818665.979532012 1.5381718102683503E7 15.352784175193426 0.0 
-2 -107 58 -113 68 -134 117 -3 191 -110 -26 117 -81 137 -70 57 165 -12 86 117 80 -35 100 -147 95 38 94 -78 -126 -179 -30 101 -31 -129 -91 -135 44 75 116 92 -148 100 119 9 47 -77 -125 -188 93 -130 -18 -180 -115 -158 37 70 164 115 -95 6 -177 96 -127 129 97 -74 114 -63 41 -120 79 91 -93 125 -45 59 -59 67 -57 90 -38 5838373.32243931 1.5100362972171329E7 3.310728179561819E-4 0.0 
0 -107 62 -113 69 -134 117 -3 193 -110 -26 117 -81 137 -70 57 165 -12 87 117 86 -34 100 -153 93 38 98 -77 -125 -177 -31 101 -30 -183 -89 -135 44 78 116 91 -149 101 118 9 45 -76 -125 -188 98 -130 -19 -172 -116 -136 37 71 164 118 -95 7 -176 98 -121 128 97 -75 115 -66 42 -120 96 91 -93 125 -45 59 -59 66 -57 90 -38 5799750.205591455 1.5775934385740347E7 3.348173171128241E-4 0.0 
-1 -106 84 -113 68 -136 117 -3 192 -108 -26 117 -82 137 -72 55 166 -12 87 116 79 -34 100 -148 98 39 94 -77 -94 -184 -30 101 -29 -131 -91 -135 44 78 116 91 -149 101 120 9 45 -77 -102 -95 36 -137 -19 -180 -108 -158 36 71 162 115 -95 6 -170 96 -127 129 97 -74 114 -66 44 -121 96 90 -91 124 -45 59 -59 87 -136 90 -38 6097575.6645313995 1.1272272895246675E7 147.97316093508059 0.0 
0 -106 85 -113 69 -134 117 -2 192 -108 -26 117 -81 137 -70 58 165 -12 85 116 79 -35 100 -155 100 38 94 -77 -94 -191 -30 101 -29 -131 -91 -136 45 81 116 90 -149 101 85 9 45 -77 -102 -98 29 -129 -18 -181 -115 -158 36 70 163 128 -93 7 -177 96 -126 129 97 -69 115 -66 42 -121 96 90 -92 125 -44 57 -66 86 -137 90 -38 6129764.905805347 1.1000529816927506E7 2.9191538330261335E-4 0.0 
31 -132 48 -115 44 -117 99 -18 187 -132 -153 118 -80 136 -83 122 162 -12 86 61 64 -14 114 -59 45 49 100 -78 -84 -94 -1 128 28 -81 -106 -131 46 51 122 96 87 153 104 -39 -70 -77 -90 -97 17 -116 -7 -20 -115 -135 36 69 94 83 -98 15 -181 -154 -173 128 97 -76 109 -92 117 -108 186 89 -102 70 -55 71 -74 88 -137 87 -60 6619900.526731179 7659955.183250529 2.2066760502885828E-4 0.0 
-1 -107 59 -113 124 -139 114 -2 186 -109 -27 116 -81 138 -71 56 167 -13 85 117 79 -34 100 -161 92 38 95 -77 -125 -179 -31 102 -31 -183 -90 -135 44 78 115 93 -149 102 86 9 45 -77 -125 -188 93 -136 -18 -171 -115 -137 36 70 164 115 -95 7 -176 96 -107 129 97 -74 114 -65 41 -120 100 90 -93 123 -44 59 -59 66 -57 90 -38 5695769.151699145 1.7583267119343746E7 257.09632898753364 0.0 
0 -106 85 -113 50 -134 117 -2 185 -110 -27 117 -82 137 -71 53 164 -11 86 86 74 -35 100 -153 95 38 96 -78 -98 -87 -30 101 -29 -132 -88 -135 45 78 127 91 -148 101 85 20 45 -77 -98 -94 36 -130 -18 -180 -109 -158 37 70 160 115 -96 6 -176 96 -128 131 97 -69 137 -65 42 -120 95 90 -93 124 -45 59 -59 88 -140 90 -38 6167397.820885381 1.0528356950109193E7 2.827259062846072E-4 0.0 
0 -106 58 -113 69 -135 116 -5 191 -109 -26 117 -81 137 -70 56 163 -12 86 117 79 -35 100 -150 94 38 94 -77 -125 -179 -30 101 -31 -133 -91 -135 44 75 116 97 -149 100 85 10 45 -77 -124 -188 90 -136 -19 -173 -115 -159 36 70 163 115 -95 6 -177 96 -127 129 97 -74 114 -65 42 -120 96 90 -93 125 -45 59 -59 66 -57 90 -38 5799222.577137984 1.568507513388424E7 15.222137114557492 0.0 
-1 -107 86 -113 68 -136 117 -3 192 -108 -26 117 -82 137 -72 55 166 -12 87 116 81 -34 100 -148 98 38 94 -77 -94 -184 -30 101 -29 -131 -91 -135 44 78 116 91 -149 101 119 9 45 -77 -102 -95 38 -137 -19 -180 -108 -158 37 71 162 112 -95 6 -176 96 -127 129 97 -74 114 -66 42 -121 96 90 -91 124 -45 59 -59 87 -136 90 -38 6088967.536627629 1.1384527670459801E7 14.962172944471732 0.0 
-1 -106 62 -114 69 -135 116 -3 193 -110 -25 116 -81 138 -70 56 164 -11 86 116 80 -35 100 -150 94 38 95 -77 -94 -192 -29 102 -30 -131 -90 -135 44 76 116 96 -149 100 118 9 47 -79 -100 -98 38 -137 -18 -180 -115 -158 37 70 164 113 -95 7 -176 96 -124 129 97 -75 113 -66 42 -120 97 90 -93 125 -45 60 -59 66 -58 90 -38 5887954.6842711745 1.4281979458638549E7 15.36455218682596 0.0 
0 -107 61 -113 82 -113 115 -4 185 -110 -25 116 -81 137 -71 56 165 -12 86 112 80 -35 99 -148 93 38 94 -77 -125 -179 -31 101 -31 -179 -89 -135 44 78 116 93 -149 100 83 10 45 -77 -124 -186 93 -134 -17 -172 -115 -134 36 70 164 139 -95 6 -182 95 -125 129 97 -74 114 -66 40 -120 77 90 -96 125 -46 59 -59 66 -57 90 -38 5718902.26125412 1.7346846495384276E7 15.19109994066009 0.0 
0 -106 58 -113 69 -136 115 -1 193 -110 -26 117 -81 137 -72 56 165 -12 86 114 79 -35 99 -153 95 38 94 -78 -95 -191 -30 102 -31 -132 -90 -134 45 78 116 90 -149 100 118 10 43 -77 -102 -98 40 -137 -18 -182 -115 -159 37 70 164 113 -95 7 -177 96 -126 129 97 -74 111 -65 42 -121 96 91 -93 123 -45 59 -59 91 -132 90 -38 6057504.338176585 1.1760669205865074E7 15.018369981340623 0.0 
-1 -107 56 -113 68 -117 114 -2 188 -110 -26 117 -81 137 -70 57 163 -12 85 117 81 -35 100 -147 94 39 100 -77 -125 -179 -33 102 -31 -183 -89 -135 44 78 116 92 -149 100 86 9 45 -77 -124 -188 96 -134 -18 -180 -116 -136 36 70 164 115 -95 7 -177 95 -115 129 97 -74 114 -65 40 -121 97 91 -93 124 -45 59 -59 66 -57 90 -38 5769222.180084971 1.6328891344039395E7 14.824349275594653 0.0 
31 -132 48 -115 44 -118 99 -18 187 -132 -153 126 -80 135 -77 122 161 -12 56 61 65 -14 115 -59 45 71 106 -78 -85 -96 -69 128 28 -83 -106 -131 33 56 121 66 87 147 104 -40 -70 -77 -90 -97 17 -116 -8 -20 -115 -135 36 70 94 83 -98 13 -181 -154 -172 129 97 -72 108 -92 117 -107 194 89 -102 70 -52 70 -73 70 -137 87 -39 6672190.667980731 7381958.410294187 49.29573063785562 0.0 
0 -107 61 -113 68 -113 115 -4 191 -110 -25 116 -81 137 -71 57 163 -12 86 117 81 -35 100 -147 93 39 97 -77 -125 -179 -33 101 -30 -182 -89 -135 44 78 116 93 -149 100 83 9 45 -77 -124 -186 96 -134 -17 -172 -115 -134 36 70 164 139 -95 6 -182 95 -115 129 97 -74 114 -65 40 -121 96 90 -93 125 -45 59 -59 66 -57 90 -38 5726846.015014167 1.7097991304487735E7 15.171098275289808 0.0 
-1 -106 63 -113 69 -136 116 -2 189 -109 -25 117 -81 138 -71 57 165 -12 86 113 79 -34 99 -146 95 38 98 -78 -95 -190 -29 102 -29 -133 -90 -134 45 77 118 92 -149 100 118 9 45 -77 -98 -98 36 -137 -17 -182 -107 -158 36 70 162 112 -95 6 -177 96 -125 129 97 -74 114 -63 42 -121 96 90 -93 125 -45 59 -59 91 -133 90 -38 6046539.47827059 1.1885948278423686E7 15.261620941060958 0.0 
0 -107 61 -113 68 -136 114 -3 186 -109 -26 118 -81 137 -71 56 166 -11 86 116 81 -35 100 -152 93 38 94 -77 -125 -178 -31 102 -30 -132 -90 -135 44 78 115 90 -149 100 118 9 44 -77 -124 -188 88 -140 -18 -181 -115 -158 36 70 164 116 -96 7 -177 97 -127 129 97 -75 115 -65 42 -96 77 90 -93 125 -45 59 -59 67 -58 90 -38 5959395.700843047 1.3294269549055068E7 79.48870235324722 0.0 
-1 -106 84 -114 69 -134 117 -5 192 -108 -26 117 -81 137 -72 55 166 -11 87 81 79 -34 100 -152 98 38 96 -77 -94 -96 -30 101 -30 -131 -91 -135 45 78 115 91 -148 100 118 11 50 -77 -103 -95 37 -138 -18 -180 -109 -158 36 70 160 114 -96 6 -176 97 -128 129 97 -69 114 -66 42 -121 99 90 -95 125 -44 57 -59 88 -138 90 -38 6148098.622605455 1.0737756188783165E7 165.8030984110126 0.0 
32 -132 48 -116 44 -118 100 -18 184 -134 -153 118 -80 120 -82 122 161 -12 96 61 65 -14 115 -59 45 48 36 -78 -84 -93 -68 126 30 -82 -103 -131 46 51 114 70 87 153 102 -40 -71 -77 -90 -97 17 -116 -8 -20 -115 -135 36 70 94 83 -98 20 -181 -154 -172 129 97 -76 109 -92 114 -108 194 89 -104 71 -55 70 -75 89 -137 87 -40 6694740.039274788 7297456.188140112 85.70700497812874 0.0 
0 -107 83 -113 118 -113 117 -3 192 -109 -26 116 -81 137 -71 56 163 -13 87 117 81 -35 100 -157 92 38 94 -77 -126 -177 -31 101 -31 -180 -90 -136 44 78 116 92 -149 100 83 9 43 -77 -125 -189 91 -130 -18 -173 -115 -137 36 70 164 140 -95 6 -177 97 -126 129 97 -74 114 -65 44 -120 97 91 -93 124 -45 59 -59 66 -57 90 -38 5689153.191646095 1.847726312707246E7 125.88366334012001 0.0 
-1 -106 56 -113 69 -134 117 -3 186 -110 -26 116 -81 137 -70 56 167 -12 87 117 80 -34 100 -148 94 38 98 -78 -93 -189 -31 102 -29 -133 -89 -135 44 78 115 91 -148 100 118 9 44 -77 -125 -181 91 -137 -17 -180 -115 -158 36 70 164 118 -95 6 -173 96 -127 128 97 -74 114 -65 42 -120 96 90 -93 125 -45 59 -59 66 -58 90 -38 5856632.2133960705 1.4695292351827046E7 141.53568320967022 0.0 
0 -106 54 -113 68 -134 116 -1 186 -110 -27 117 -81 138 -72 56 165 -11 86 118 79 -34 100 -153 95 38 98 -78 -94 -190 -30 102 -31 -131 -90 -135 44 79 116 90 -149 100 117 9 45 -77 -99 -96 35 -129 -18 -181 -115 -158 36 70 163 116 -95 7 -176 96 -126 129 97 -74 114 -63 42 -121 96 90 -93 123 -45 60 -59 86 -138 90 -38 6075857.184712972 1.1586047784504184E7 2.994481276096295E-4 0.0 
0 -107 62 -113 69 -112 116 -2 194 -109 -26 116 -81 138 -70 57 165 -11 87 112 81 -35 100 -147 95 38 95 -78 -126 -179 -30 102 -30 -179 -90 -135 44 78 116 92 -149 101 84 9 44 -77 -125 -187 90 -136 -19 -173 -115 -137 37 70 164 116 -95 6 -177 97 -125 129 97 -74 114 -65 43 -120 96 90 -93 125 -45 59 -59 67 -57 91 -38 5719455.538911385 1.7196995267408587E7 141.8672101664117 0.0 
0 -106 61 -113 66 -114 117 1 192 -110 -25 116 -81 139 -71 56 166 -12 86 117 81 -35 100 -153 94 38 97 -78 -94 -191 -30 102 -31 -131 -90 -135 44 78 115 93 -149 100 115 9 41 -77 -100 -97 35 -129 -18 -179 -115 -158 36 71 164 116 -95 7 -176 94 -125 129 97 -74 114 -66 45 -121 96 91 -93 123 -45 59 -59 66 -58 90 -38 5887481.388062768 1.436948757157751E7 3.0936437838977417E-4 0.0 
-1 -107 56 -113 68 -136 116 -1 186 -116 -25 117 -81 137 -72 56 165 -12 86 118 80 -34 100 -147 95 38 94 -78 -94 -191 -30 102 -31 -131 -91 -133 44 78 115 90 -149 100 118 9 47 -77 -102 -97 35 -136 -18 -180 -115 -160 36 70 164 116 -95 7 -176 96 -135 129 97 -74 111 -63 42 -121 96 90 -93 123 -40 59 -59 66 -58 90 -38 6018190.716366482 1.2288202047288854E7 14.68591446594234 0.0 
-1 -107 58 -113 68 -115 117 -3 191 -110 -26 117 -81 138 -70 56 163 -12 87 113 80 -35 100 -147 95 38 94 -77 -125 -179 -29 102 -31 -131 -91 -135 44 78 116 90 -148 101 87 9 45 -76 -124 -186 96 -128 -17 -180 -115 -158 36 70 163 118 -95 7 -177 96 -127 129 97 -74 114 -65 41 -121 116 90 -94 124 -45 58 -59 66 -57 90 -38 5829846.335578325 1.529914644251306E7 3.1971643257604974E-4 0.0 
-2 -106 60 -113 69 -136 117 -1 191 -110 -25 117 -81 137 -71 56 163 -12 86 117 79 -35 100 -147 92 38 97 -78 -125 -189 -31 101 -31 -131 -90 -135 44 78 116 92 -148 101 86 10 45 -77 -124 -186 96 -134 -17 -172 -115 -136 34 70 163 118 -95 6 -177 96 -125 129 97 -74 114 -65 42 -121 78 90 -94 125 -45 59 -59 66 -57 90 -38 5789926.316379907 1.595571985970718E7 15.012856726496375 0.0 
-1 -106 61 -114 69 -135 116 0 184 -108 -25 117 -81 138 -71 57 165 -12 86 112 81 -34 100 -153 92 38 98 -78 -95 -188 -29 101 -30 -131 -91 -133 45 79 117 91 -149 100 118 11 44 -77 -101 -97 35 -129 -18 -180 -110 -158 36 70 164 115 -103 6 -176 96 -127 128 97 -74 115 -65 42 -121 97 91 -93 125 -45 60 -59 66 -57 90 -38 6015932.2126721125 1.2373295185625415E7 3.000003500096608E-4 0.0 
-1 -106 56 -113 69 -135 116 -3 193 -109 -26 116 -81 137 -71 56 165 -11 87 117 79 -36 100 -156 92 38 99 -77 -125 -179 -33 102 -31 -183 -83 -135 44 78 116 90 -149 102 89 9 44 -77 -125 -186 93 -130 -17 -172 -116 -134 34 71 164 118 -95 7 -176 96 -124 128 97 -74 114 -65 40 -121 78 90 -93 123 -45 59 -59 67 -57 90 -38 5756693.14745942 1.6470520939893506E7 3.41461663260426E-4 0.0 
-1 -106 62 -113 69 -136 116 -4 192 -110 -26 117 -81 139 -71 57 166 -18 86 112 80 -34 100 -156 98 38 94 -78 -95 -192 -29 101 -31 -132 -91 -133 44 48 115 91 -149 101 85 10 44 -77 -104 -93 33 -130 -18 -180 -111 -158 37 70 164 115 -92 7 -176 96 -127 129 97 -74 114 -66 44 -120 97 91 -93 120 -45 60 -59 66 -57 90 -38 5998404.642088396 1.276653099129341E7 3.024515395887677E-4 0.0 
28 -132 49 -115 52 -117 99 -16 184 -132 -153 119 -81 122 -77 119 161 -13 86 61 74 -14 116 -64 92 49 101 -78 -89 -94 -49 131 29 -81 -128 -146 46 55 122 68 89 152 126 17 27 -77 -90 -97 16 -116 -7 -20 -116 -135 36 69 94 82 -98 18 -181 -154 -177 129 97 -72 108 -91 71 -107 194 89 -102 71 -52 71 -73 93 -139 87 -39 6517197.937613744 8071790.28544418 48.753299616254836 0.0 
-2 -106 62 -113 68 -136 116 -3 193 -110 -27 116 -81 137 -71 56 165 -5 86 117 79 -35 100 -161 92 38 94 -77 -125 -179 -33 101 -31 -183 -89 -135 44 78 116 92 -149 101 89 10 44 -77 -125 -187 93 -129 -17 -172 -115 -134 34 70 164 118 -95 7 -177 96 -121 129 97 -74 114 -65 40 -121 77 90 -93 125 -45 59 -59 67 -57 90 -38 5723935.96320965 1.7216976171259247E7 3.4636016321105745E-4 0.0 
-1 -106 83 -113 49 -133 117 -3 192 -108 -26 117 -82 137 -72 56 166 -11 86 116 79 -34 100 -148 98 38 94 -77 -94 -192 -30 101 -29 -131 -90 -135 44 78 116 90 -149 100 118 11 47 -77 -103 -95 34 -136 -19 -180 -110 -158 36 71 164 115 -95 7 -176 96 -127 129 97 -69 111 -66 47 -121 96 90 -91 124 -45 60 -59 86 -137 90 -38 6129023.071217617 1.0980998208974937E7 14.431761191346721 0.0 
32 -132 48 -115 44 -117 100 -18 187 -132 -155 126 -81 121 -75 120 161 -13 91 61 64 -14 116 -64 94 49 100 -78 -89 -95 -69 127 28 -81 -127 -142 46 56 122 91 89 151 126 16 26 -77 -91 -97 23 -115 -8 -19 -116 -135 36 69 94 84 -99 16 -181 -155 -177 128 97 -72 109 -91 117 -107 198 89 -102 71 -52 71 -73 88 -132 87 -52 6517318.909464583 8195021.920309891 2.2610108111309458E-4 0.0 
0 -107 81 -113 119 -114 116 -2 192 -109 -25 117 -81 137 -70 56 166 -11 86 117 79 -35 100 -149 92 38 94 -77 -125 -179 -34 101 -30 -185 -90 -135 45 78 116 93 -149 100 89 10 43 -76 -124 -188 98 -129 -17 -173 -116 -158 36 70 164 118 -95 6 -177 96 -126 129 97 -74 114 -64 40 -121 75 90 -93 123 -44 59 -59 66 -57 90 -38 5718786.553394821 1.7577500819405593E7 3.3439098768840616E-4 0.0 
#
