#
#   Running algorithm eNSGAII on 10000000 nfe, with population size of 50.0, with epsilon values [10000.0, 100000.0, 0.1, 0.00001], with pm set to 0.02, 20.0, with injection rate of 0.25, with sbx set to 1.0, 15.0, with 81 controls varying between -199.0 and 199.0 for cell (6,6).
150 -133 -14 -133 109 -139 35 -101 5 -134 -183 -8 -108 143 -103 119 -197 118 98 69 19 -196 65 -45 81 111 11 -139 -48 -141 -47 79 -51 -188 -132 -106 113 84 114 83 26 81 74 105 123 -140 -46 -186 60 -87 -78 -43 -142 -105 103 66 20 -118 71 -190 91 117 15 -58 -23 -94 19 109 -122 154 130 -143 180 110 -5 183 47 -61 173 -142 118 5639088.628238953 2.173459720638532E7 1.2234036204850152 0.0 
150 -133 -14 -132 41 -139 32 -104 5 -134 -183 2 -131 107 -103 115 -199 118 97 70 25 -70 66 -44 80 114 11 -139 -50 -76 -49 79 -50 -188 -132 -106 113 81 113 85 26 81 70 105 72 -141 -46 -170 60 -69 -78 -50 -124 -144 103 65 24 -118 71 -190 91 118 15 -58 -29 -96 19 112 -103 154 130 -142 184 117 -3 183 47 -60 173 -142 118 5769788.6310112085 1.737583675059897E7 451.74316047331143 0.0 
133 -112 -86 -131 -71 -101 -36 -193 197 -193 -182 -38 -112 37 -108 42 -165 62 63 83 25 -87 136 -8 111 130 -92 -112 -110 -79 -153 100 -64 -132 -126 -132 33 113 67 -31 2 143 61 -63 -118 -127 -53 23 -54 33 -120 -102 -110 -134 93 169 134 0 132 -47 129 129 20 26 49 2 3 62 -16 197 138 -112 190 65 30 18 41 12 70 -137 74 7260781.275370697 6088971.416217422 2.575008639869341E-4 0.0 
151 -133 -13 -132 108 -139 34 -103 5 -134 -183 -8 -108 158 -103 120 -199 115 96 69 19 -193 66 -44 81 111 11 -139 -49 -146 -44 79 -50 -187 -132 -106 113 81 113 83 22 81 69 105 114 -140 -46 -166 60 -86 -80 -43 -125 -106 102 61 21 -119 72 -188 91 117 15 -58 -23 -97 19 110 -125 152 130 -142 187 117 -3 183 47 -61 173 -142 118 5639386.032859065 2.1296339700390127E7 167.08406177973828 0.0 
129 -132 -13 -134 35 -134 35 -109 6 -135 -184 0 -132 111 -107 118 -182 109 98 78 24 -75 73 -45 80 112 10 -139 -55 -79 -39 81 -50 -192 -105 -107 107 79 111 80 14 86 67 111 66 -141 -50 -171 -47 46 -101 -47 -105 -133 103 59 9 10 135 -43 162 119 14 -58 -24 -62 3 120 -23 171 108 -140 185 116 -1 -17 78 -136 132 -142 120 6049746.963577105 1.2102282690783687E7 291.52967971683705 0.0 
146 -133 -14 -133 34 -120 43 -103 6 -134 -183 1 -130 112 -104 119 -197 118 100 71 22 -71 78 -44 81 114 11 -139 -58 -77 -53 79 -50 -194 -132 -106 113 77 115 83 23 81 71 111 69 -141 -40 -170 59 -72 -83 -46 -129 -137 102 76 21 -160 95 -192 91 116 14 -57 -30 -57 6 112 -122 181 130 -143 184 116 -2 149 47 -132 135 -142 120 5899333.176799402 1.50460735651926E7 371.7241545224614 0.0 
142 -133 -15 -133 33 -130 68 -104 4 -134 -183 2 -130 111 -105 119 -199 117 98 70 25 -71 79 -45 81 114 11 -141 -55 -75 -53 79 -50 -194 -133 -106 123 78 112 83 32 82 70 110 69 -141 -41 -166 60 -72 -80 -45 -95 -137 102 66 27 -164 94 -189 92 115 17 -57 -22 -58 6 112 -106 180 129 -143 184 116 -3 149 46 -68 136 -143 117 5828942.956168007 1.628781837707663E7 223.39380871782421 0.0 
128 -134 -15 -132 33 -134 8 -99 5 -133 -183 1 -131 111 -106 119 -198 110 100 77 22 -70 76 -43 80 114 10 -141 -58 -79 -43 85 -50 -191 -134 -107 112 78 113 83 36 81 70 107 72 -141 -45 -151 -47 34 -111 -46 -72 -145 104 64 7 11 130 -47 157 118 15 -58 -27 -62 3 120 -17 171 108 -139 187 120 -2 -18 79 -136 133 -142 120 5958721.805251976 1.3876133411747666E7 240.66665338650276 0.0 
129 -132 -13 -134 33 -134 71 -109 4 -133 -184 0 -131 112 -108 148 -183 110 99 70 21 -74 77 -44 80 114 10 -140 -53 -79 -49 77 -50 -194 -105 -107 111 79 113 83 -12 56 70 109 64 -139 -48 -132 -47 39 -114 -51 -106 -132 102 76 8 10 130 -52 161 117 18 -58 -35 -62 3 119 -21 170 107 -139 187 116 0 -15 77 -136 143 -143 121 6079980.406204507 1.1598470632355524E7 283.5574208771414 0.0 
147 -133 -12 -133 109 -137 36 -101 5 -134 -183 5 -110 152 -103 120 -199 117 97 71 19 -72 66 -45 80 114 11 -139 -50 -79 -54 79 -49 -188 -133 -106 112 84 114 85 23 81 71 109 72 -141 -45 -170 60 -72 -82 -44 -127 -146 102 65 25 -118 71 -190 91 118 15 -58 -29 -95 19 112 -103 154 130 -143 187 113 -3 183 47 -60 176 -142 118 5735531.261578645 1.808847374765291E7 439.1027928304153 0.0 
139 -114 -85 -132 -69 -133 -61 -190 199 -142 -168 -29 -104 50 -109 47 -138 123 63 83 32 -80 135 -9 113 121 -89 -111 -120 -79 -153 116 -70 -132 -125 -119 50 75 68 -31 4 140 72 -72 -99 -125 -64 23 -54 34 -108 -100 -117 -134 94 158 137 17 136 -49 126 129 29 41 66 -1 26 52 -16 192 134 -143 162 66 24 38 41 12 71 -134 75 7207738.664031062 6188640.944859901 2.672481253342894E-4 0.0 
133 -112 -86 -131 -72 -133 -36 -193 197 -193 -182 -36 -112 47 -108 42 -165 60 63 83 27 -87 136 -8 111 128 -92 -112 -110 -79 -154 100 -64 -132 -126 -132 32 113 67 -31 2 143 61 -63 -75 -127 -53 23 -56 34 -120 -103 -110 -134 93 169 134 1 135 -47 129 129 14 26 49 -1 3 59 -16 197 137 -151 190 65 30 24 70 12 70 -137 74 7108154.798989587 6247289.253066183 2.756704105383903E-4 0.0 
146 -133 -12 -133 107 -137 35 -104 5 -134 -183 5 -109 151 -103 116 -199 118 96 70 18 -76 66 -44 80 114 11 -139 -48 -78 -49 79 -50 -187 -133 -106 113 86 114 83 33 81 73 93 113 -140 -47 -157 60 -87 -82 -43 -126 -145 102 65 30 -118 72 -185 91 117 15 -58 -29 -98 19 112 -124 154 130 -143 184 117 -4 183 47 -60 173 -142 117 5707979.111986061 1.877063552011104E7 136.41871047782735 0.0 
125 -132 -12 -133 31 -134 70 -109 1 -133 -183 0 -131 113 -104 119 -180 112 113 77 23 -74 88 -45 92 115 11 -137 -107 -79 -149 49 -47 -45 -105 -106 92 77 113 61 -6 62 69 88 63 -139 -107 -86 -47 38 -112 -50 -102 -123 102 76 32 11 132 -46 165 118 16 -57 -24 -62 3 98 -20 166 108 -141 186 116 1 17 75 -136 135 -143 121 6398735.622242072 8477462.585925376 133.27363430000867 0.0 
147 -133 -12 -133 107 -139 34 -102 5 -134 -183 5 -110 151 -103 115 -199 117 101 70 19 -71 66 -44 80 114 11 -139 -48 -78 -49 79 -48 -188 -133 -106 113 84 113 83 22 81 73 110 68 -141 -46 -158 60 -86 -78 -44 -126 -145 104 65 19 -118 71 -189 91 117 15 -58 -28 -96 19 112 -103 154 130 -143 187 113 -5 183 47 -61 173 -142 118 5729390.209942664 1.8291626583370678E7 391.4689794419313 0.0 
129 -133 -13 -134 36 -134 39 -155 11 -135 -185 0 -131 112 -108 121 -180 111 113 78 24 -74 89 -40 93 114 3 -133 -112 -78 -149 43 -49 -116 -114 -105 89 77 113 52 -11 48 67 111 64 -136 -113 -88 -27 38 -111 -48 -105 -130 103 76 33 11 135 -44 158 119 16 -57 -37 -62 5 79 -19 178 108 -139 187 116 -2 17 57 -136 134 -143 122 6499551.072552916 8182868.641490348 3.018314900398007E-4 0.0 
147 -133 -14 -132 34 -135 34 -103 5 -134 -183 0 -131 107 -103 120 -199 118 97 69 22 -70 66 -44 80 114 11 -139 -55 -76 -45 79 -50 -187 -133 -107 111 81 113 83 22 81 74 108 72 -140 -46 -167 60 -69 -78 -44 -126 -138 101 65 23 -126 71 -180 92 116 15 -58 -29 -57 6 112 -122 154 130 -143 187 113 -3 151 47 -60 174 -142 118 5799808.5154057415 1.6689491614905816E7 409.80950118272284 0.0 
133 -126 -78 -131 -73 -133 55 -191 199 -146 -174 11 -111 47 -115 48 -156 64 63 84 30 -85 135 -8 114 113 -89 -113 -122 -79 -153 117 -64 -132 -122 -131 48 75 70 -34 4 76 86 -67 -74 -126 -63 23 -55 34 -117 -127 -109 -134 95 165 142 12 132 -50 126 130 36 -186 66 -1 21 105 -16 199 138 -134 195 66 24 18 68 13 65 -140 90 6931594.255012847 6599346.258619103 2.8044397327926996E-4 0.0 
133 -125 -9 -130 -13 -133 53 -190 197 -176 -183 13 -108 46 -108 48 -154 64 57 82 31 -87 136 -8 112 122 28 -126 -122 -79 -153 118 -64 -132 -122 -132 48 75 69 -31 4 73 73 30 43 -126 -65 23 -54 37 -120 -101 -117 -135 97 157 134 12 132 -50 126 129 29 -93 64 -1 21 104 -16 199 137 -136 190 66 24 17 67 -78 70 -134 93 6599538.906758955 8029507.466277095 2.940322439829707E-4 0.0 
129 -134 -13 -132 35 -136 29 -112 7 -135 -182 1 -131 111 -108 116 -183 109 100 78 22 -74 75 -45 79 113 11 -141 -57 -79 -40 80 -49 -189 -133 -106 112 75 113 83 36 85 71 108 65 -141 -48 -129 -47 33 -112 -46 -106 -123 103 65 9 10 135 -51 161 117 15 -57 -35 -62 3 120 -23 171 107 -139 187 119 -1 -17 77 -136 140 -143 121 6038317.86052968 1.2330996024420405E7 104.94182454778242 0.0 
133 -125 -9 -131 -13 -134 51 -191 197 -177 -183 11 -107 47 -107 45 -156 63 57 83 30 -87 135 -8 114 111 -87 -114 -122 -79 -153 117 -64 -132 -125 -186 51 76 69 -31 4 76 61 44 -73 -126 -63 23 -55 38 -116 -126 -122 -135 94 164 135 12 132 -50 126 128 29 -128 66 -1 20 105 -15 199 136 -130 190 66 24 17 68 -86 71 -140 90 6669708.657606607 7698549.890601003 80.23068533665396 0.0 
132 -126 -9 -131 -70 -133 54 -190 199 -177 -183 11 -111 46 -115 48 -156 64 57 84 30 -85 135 -8 114 113 -89 -113 -122 -79 -153 117 -64 -133 -125 -132 51 75 67 -31 4 77 86 -73 -74 -125 -63 23 -55 35 -117 -127 -109 -135 94 160 137 12 132 -50 131 130 29 -197 66 -1 21 105 -16 199 137 -130 190 65 24 18 69 15 71 -134 90 6856134.891607181 6755189.682360459 2.8541128695612803E-4 0.0 
132 -125 -8 -131 -74 -134 51 -190 199 -192 -183 11 -111 47 -115 51 -159 63 64 84 30 -85 135 -8 113 113 -89 -113 -122 -79 -153 117 -64 -133 -125 -132 48 75 67 -31 4 76 86 -72 -73 -126 -63 23 -55 38 -116 -127 -109 -134 93 160 141 12 135 -50 131 131 29 -126 66 -1 21 105 -15 199 137 -130 190 66 24 17 67 -81 65 -140 91 6784575.407465655 6994823.102048111 2.8893035354086907E-4 0.0 
147 -111 -86 -133 -72 -133 57 -190 197 -176 -183 -42 -112 37 -107 43 -164 59 63 83 28 -87 136 -8 111 128 -92 -112 -119 -79 -154 119 -59 -132 -122 -132 32 74 67 -31 5 143 61 -63 -74 -127 -41 23 -54 34 -120 -135 -110 -134 94 170 137 11 132 -50 129 129 14 33 50 -1 3 59 -16 197 137 -152 190 66 30 24 68 12 71 -137 71 7064598.078552028 6383698.526741834 2.7553921805426626E-4 0.0 
147 -133 -12 -132 107 -139 34 -102 5 -134 -183 5 -109 107 -103 120 -199 117 101 70 19 -71 66 -44 80 114 11 -139 -48 -78 -52 79 -49 -188 -133 -106 113 84 113 85 22 81 74 110 68 -141 -46 -170 60 -86 -78 -44 -127 -140 104 65 19 -118 71 -190 91 118 15 -58 -25 -96 19 112 -103 154 130 -143 187 113 -5 183 47 -61 175 -142 118 5759641.225086295 1.7580036131649315E7 373.08576570659716 0.0 
150 -133 -14 -132 107 -139 34 -101 5 -134 -183 5 -109 107 -103 115 -199 118 101 70 19 -70 66 -44 80 114 11 -139 -49 -78 -51 79 -50 -188 -133 -106 113 81 113 83 22 81 74 109 66 -141 -46 -173 60 -69 -83 -44 -126 -140 103 65 19 -118 71 -190 91 115 15 -58 -28 -115 19 112 -103 153 130 -143 187 121 -3 183 47 -61 176 -142 118 5786226.496128861 1.70706358575772E7 405.9740568263034 0.0 
150 -133 -14 -133 110 -139 34 -101 5 -134 -183 5 -109 153 -103 116 -199 117 101 78 19 -70 66 -45 81 114 11 -139 -49 -77 -48 79 -50 -187 -133 -106 113 81 113 83 22 81 71 105 143 -141 -46 -165 60 -86 -83 -42 -143 -103 102 65 21 -110 72 -190 93 118 15 -58 -24 -98 19 112 -124 154 130 -143 186 117 -3 183 47 -61 176 -142 118 5679140.741793597 1.985150602849701E7 1.2858816650156288 0.0 
128 -132 -15 -132 33 -134 8 -99 5 -133 -183 1 -131 111 -106 116 -199 108 100 78 22 -70 75 -43 80 113 11 -141 -58 -79 -43 85 -49 -191 -134 -107 112 78 113 83 36 81 70 107 72 -141 -45 -151 -47 34 -111 -46 -72 -132 104 65 7 11 130 -47 157 118 15 -58 -35 -62 3 128 -17 171 108 -139 187 120 -2 -18 79 -136 133 -142 120 5955914.82966294 1.3915774528303916E7 59.89033512217748 0.0 
147 -133 -14 -132 34 -135 34 -103 5 -134 -183 1 -131 107 -103 120 -199 117 97 78 22 -70 65 -44 80 114 11 -139 -55 -76 -50 79 -50 -187 -107 -107 111 81 113 83 22 81 71 109 66 -140 -46 -167 61 -72 -80 -44 -98 -138 101 65 23 -159 96 -190 91 114 17 -61 -21 -57 6 112 -107 157 130 -143 184 113 -3 151 47 -60 173 -142 117 5876057.075640525 1.5476252168125274E7 39.96788655222582 0.0 
129 -132 -12 -133 31 -133 71 -109 4 -133 -183 0 -131 112 -104 117 -180 117 113 78 23 -73 88 -45 84 107 11 -137 -108 -78 -148 46 -47 -49 -105 -103 95 78 112 61 -11 60 68 88 63 -139 -108 -88 -46 38 -115 -50 -105 -124 102 69 20 11 132 -46 160 118 15 -48 -24 -62 2 79 -19 171 108 -139 186 117 1 18 57 -136 135 -137 120 6417768.86498862 8374874.724643416 0.013089067122842215 0.0 
133 -125 -8 -131 -14 -134 51 -190 199 -192 -183 11 -111 47 -115 45 -159 63 64 84 30 -85 135 -8 114 113 28 -113 -122 -79 -153 117 -64 -133 -125 -133 48 76 69 -31 4 73 85 -72 -73 -126 -63 23 -55 38 -116 -127 -109 -134 93 160 141 12 132 -50 131 131 29 -128 66 -1 21 105 -15 199 137 -130 190 66 24 17 67 -85 65 -140 91 6708167.211017191 7321776.77335094 2.936582105587255E-4 0.0 
128 -132 -15 -132 34 -134 6 -103 6 -133 -184 1 -131 111 -108 115 -198 110 100 77 22 -71 78 -43 83 113 11 -140 -58 -79 -47 81 -49 -187 -107 -106 111 78 113 80 37 84 70 107 36 -141 -48 -127 -47 33 -111 -46 -108 -143 101 65 5 10 130 -50 160 117 15 -58 -24 -62 2 120 -20 171 108 -138 188 116 -1 -16 79 -138 132 -143 120 6019119.087618216 1.2648889457342174E7 68.51650888479732 0.0 
133 -125 -9 -131 -13 -133 56 -191 199 -179 -183 11 -111 55 -119 53 -157 66 63 84 30 -85 135 -8 113 106 -89 -113 -122 -79 -153 117 -64 -133 -125 -131 48 73 69 -31 4 85 73 23 -70 -127 -63 23 -55 39 -116 -125 -117 -135 94 160 137 12 132 -50 128 130 30 -191 67 -1 20 105 -16 199 137 -131 190 65 31 17 69 -77 71 -136 90 6689225.868371607 7578824.48097829 3.0242770739251595E-4 0.0 
149 -133 -12 -133 109 -139 34 -102 6 -134 -183 4 -109 151 -103 119 -197 118 101 71 19 -74 66 -45 77 114 11 -139 -52 -144 -45 79 -50 -187 -132 -106 113 84 111 83 27 81 74 109 114 -141 -46 -155 60 -86 -80 -42 -144 -140 102 62 24 -119 71 -189 92 117 15 -58 -24 -104 19 112 -104 154 130 -142 184 110 -4 183 47 -61 174 -143 117 5677036.761892851 2.021100683036445E7 4.638971144948435E-4 0.0 
150 -133 -14 -131 109 -139 35 -104 5 -134 -183 -8 -109 151 -103 120 -199 118 98 69 19 -196 66 -43 81 107 11 -139 -50 -137 -47 79 -51 -188 -132 -106 111 84 114 83 22 81 70 105 123 -140 -46 -187 60 -87 -78 -43 -142 -105 103 66 20 -118 71 -190 91 117 15 -58 -29 -94 19 112 -122 154 130 -143 187 117 -5 183 47 -61 173 -143 117 5639538.250457387 2.1658682057842072E7 29.22719796760923 0.0 
150 -133 -14 -133 109 -139 34 -101 6 -134 -183 5 -109 153 -103 116 -199 117 101 78 19 -70 66 -44 81 114 11 -139 -55 -77 -48 79 -50 -187 -133 -106 113 81 113 83 26 81 71 105 143 -141 -46 -164 60 -86 -82 -42 -143 -103 102 65 24 -110 71 -190 93 118 15 -58 -29 -98 19 112 -104 154 130 -143 186 117 -3 183 47 -61 176 -142 118 5687611.950927301 1.958383879317287E7 4.490224432509176E-4 0.0 
127 -132 -15 -132 35 -134 8 -102 6 -134 -183 1 -131 104 -108 135 -198 111 99 78 22 -73 76 -43 79 113 11 -140 -58 -77 -48 85 -49 -187 -132 -107 112 67 113 82 15 84 68 109 64 -141 -45 -133 -47 33 -112 -46 -107 -133 103 64 7 10 130 -52 161 117 16 -53 -25 -63 1 120 -23 144 108 -139 187 120 -2 -16 77 -136 136 -143 120 5978884.321557287 1.3383871066190701E7 0.4648731211626864 0.0 
130 -132 -15 -133 40 -134 72 -111 6 -134 -183 0 -132 111 -109 116 -180 110 107 74 23 -73 88 -45 84 113 11 -136 -111 -79 -142 45 -48 -59 -105 -105 106 79 112 63 -9 45 67 107 47 -139 -53 -129 -47 39 -116 -44 -98 -122 102 75 -40 10 141 -49 158 118 16 -57 -33 -62 2 121 -21 171 108 -139 186 117 0 -16 77 -136 135 -143 121 6267221.731695367 9491905.7672283 0.029668159780891813 0.0 
124 -132 -13 -134 31 -112 74 -109 6 -134 -181 0 -131 112 -104 120 -180 110 113 78 23 -73 88 -40 84 108 11 -136 -107 -79 -148 46 -49 -45 -104 -106 92 78 113 61 -6 62 70 87 63 -139 -107 -88 -46 40 -116 -48 -105 -123 103 75 34 11 132 -45 158 119 16 -57 -24 -62 3 119 -19 166 108 -139 186 116 1 18 77 -136 135 -143 120 6349378.972634949 8690719.030817939 19.862379940284917 0.0 
147 -111 -86 -131 -72 -133 58 -193 197 -176 -182 -34 -112 50 -107 43 -164 60 63 83 28 -87 136 -8 111 128 -92 -112 -119 -79 -154 118 -59 -132 -126 -132 32 110 67 -31 5 143 61 -63 -75 -127 -41 23 -54 34 -120 -135 -110 -134 93 169 137 11 135 -49 129 129 14 27 66 -1 3 59 -16 197 137 -152 190 65 30 24 69 12 71 -137 71 7039352.3577883085 6471829.08980476 2.79263981871249E-4 0.0 
130 -132 -12 -133 30 -133 71 -109 1 -133 -183 0 -131 107 -104 119 -180 111 113 78 23 -74 88 -45 92 107 11 -137 -107 -78 -148 49 -47 -45 -105 -106 91 75 113 61 -11 62 68 88 63 -139 -108 -86 -47 38 -112 -50 -102 -124 102 76 32 11 132 -46 166 118 15 -56 -24 -62 2 76 -20 173 108 -141 186 117 1 17 57 -136 135 -137 121 6454027.5423618145 8252862.014578539 0.7531590345666762 0.0 
133 -126 -8 -131 -13 -134 54 -190 197 -177 -184 14 -107 47 -107 45 -156 66 57 82 24 -87 136 -8 107 113 -93 -127 -121 -79 -153 117 -64 -132 -125 -132 35 75 66 -31 4 74 73 44 26 -124 -64 23 -54 38 -116 -102 -87 -135 94 160 134 12 132 -50 128 128 21 -127 66 -1 20 105 -16 198 136 -135 190 65 24 20 67 -83 71 -138 93 6636321.167326808 7774782.655095939 3.043180535772279E-4 0.0 
150 -133 -12 -134 107 -139 34 -104 5 -134 -183 -7 -109 161 -103 119 -198 117 101 70 19 -196 65 -45 81 114 11 -139 -51 -74 -52 79 -49 -187 -132 -106 113 84 113 83 27 81 70 109 124 -140 -46 -187 60 -88 -80 -44 -143 -106 102 65 24 -118 71 -190 91 115 15 -58 -29 -99 19 112 -120 154 130 -143 186 117 -3 183 47 -60 176 -142 117 5669828.442368519 2.0383320405180767E7 100.82160395232077 0.0 
131 -133 -15 -132 33 -135 8 -103 7 -133 -183 1 -130 104 -111 115 -182 111 113 70 25 -74 75 -43 79 114 11 -140 -57 -77 -48 79 -50 -189 -132 -107 111 80 113 82 34 84 81 107 38 -139 -45 -132 -47 39 -111 -75 -107 -123 103 65 7 10 138 -52 159 119 16 -58 -24 -71 1 120 -19 172 109 -139 186 120 -2 -18 76 -136 134 -143 121 5977192.79947299 1.3796210930637326E7 4.0140264540907154E-4 0.0 
133 -126 -8 -131 -11 -133 51 -191 197 -187 -183 6 -112 56 -115 48 -156 64 58 84 30 -85 135 -8 114 113 -89 -113 -122 -79 -153 117 -64 -132 -126 -132 48 70 70 -34 4 76 86 -67 -75 -126 -63 23 -55 34 -116 -127 -123 -135 102 165 142 12 132 -50 126 130 30 -186 66 -1 21 105 -11 199 138 -131 194 66 24 17 68 -74 64 -140 90 6775886.920231841 7068938.265711875 54.44623308541959 0.0 
90 -132 -12 -133 31 -127 73 -110 9 -135 -193 0 -131 114 -108 113 -181 118 114 78 23 -75 89 -43 80 114 11 -137 -59 -81 -37 67 -49 -52 -106 -107 94 66 112 63 15 85 67 104 29 -136 -107 -96 -47 44 -111 -46 -102 -137 102 75 20 11 135 -46 161 118 16 -55 -24 -61 1 120 -21 173 108 -139 186 117 -1 -15 78 -136 134 -143 122 6229794.902842751 9776353.305438891 75.18687418969796 0.0 
131 -132 -12 -133 34 -127 72 -109 9 -134 -185 0 -131 113 -107 116 -180 111 99 78 23 -73 80 -43 82 114 11 -141 -59 -81 -37 77 -48 -196 -106 -107 112 66 112 60 -5 59 70 114 62 -138 -107 -96 -47 37 -111 -49 -106 -123 103 76 20 11 141 -47 157 118 15 -58 -33 -62 3 120 -23 170 108 -139 186 117 0 -16 77 -136 132 -144 122 6163442.184145006 1.0577520819399523E7 0.06384880740790588 0.0 
125 -132 -14 -133 31 -134 28 -109 10 -134 -184 0 -131 114 -108 120 -180 111 101 78 23 -76 87 -43 82 108 11 -136 -111 -78 -150 51 -53 -49 -114 -106 102 70 113 64 -6 60 66 106 64 -135 -91 -88 -48 37 -112 -50 -105 -129 103 60 29 11 132 -47 159 118 16 -57 -24 -62 3 120 -20 173 108 -139 186 117 -2 -16 77 -136 134 -143 121 6289921.62684079 9284120.151901191 285.9062115806628 0.0 
146 -133 -12 -133 33 -130 67 -104 5 -134 -183 1 -130 104 -104 114 -199 110 98 78 25 -71 78 -44 81 114 11 -139 -55 -78 -53 73 -64 -192 -108 -107 113 80 115 82 23 81 71 109 66 -141 -41 -170 61 -70 -83 -46 -96 -132 104 66 24 -165 95 -191 91 114 18 -61 -22 -57 5 112 -122 181 130 -143 184 116 -3 156 45 -134 136 -142 117 5917808.702758259 1.4753222573094185E7 48.533559889564536 0.0 
134 -126 -8 -131 -13 -134 51 -190 199 -177 -175 14 -107 47 -87 45 -157 66 57 83 24 -87 135 -8 107 113 -94 -125 -120 -79 -153 117 -63 -132 -125 -132 54 76 66 -31 4 76 61 44 41 -126 -64 23 -54 38 -116 -104 -87 -135 94 160 134 12 132 -50 128 128 21 -127 65 -1 20 105 -16 199 136 -135 190 66 24 20 67 -83 71 -139 92 6619585.455589254 7870541.421051364 3.0393664726336957E-4 0.0 
125 -132 -15 -133 30 -134 72 -111 1 -135 -183 0 -131 111 -109 115 -180 111 106 74 22 -73 89 -42 84 113 11 -140 -111 -79 -143 45 -49 -51 -105 -105 111 74 113 63 -6 60 67 107 66 -139 -48 -130 -47 39 -116 -46 -98 -116 104 75 -41 10 142 -49 164 118 22 -56 -13 -62 2 120 -21 171 108 -138 185 117 1 -16 77 -136 135 -143 121 6287643.482649628 9335350.25664175 0.007061346952141095 0.0 
129 -132 -12 -134 31 -134 74 -109 6 -134 -181 0 -131 112 -104 120 -180 110 113 79 23 -74 88 -40 92 115 11 -136 -107 -78 -148 46 -49 -45 -104 -106 94 100 112 62 -6 62 70 88 47 -139 -105 -88 -47 39 -115 -56 -105 -123 103 70 32 11 132 -47 161 119 15 -57 -25 -62 -9 121 -21 166 108 -139 186 117 1 -45 69 -136 134 -143 120 6308153.602547425 9067937.281526309 0.029917413536195085 0.0 
150 -133 -14 -133 106 -139 34 -100 5 -134 -183 -8 -110 162 -103 119 -199 118 98 69 19 -199 74 -45 81 111 11 -139 -50 -140 -45 79 -50 -186 -132 -106 113 84 113 85 22 81 71 109 115 -140 -46 -156 60 -87 -78 -43 -142 -105 102 66 20 -118 71 -187 91 117 15 -58 -28 -99 19 112 -126 154 130 -142 187 115 -4 183 47 -60 180 -142 118 5649789.553157537 2.1132481228559315E7 31.49288754705032 0.0 
131 -133 -15 -134 33 -134 8 -102 6 -134 -184 1 -131 103 -111 135 -197 111 99 78 22 -73 76 -43 80 113 11 -140 -58 -77 -46 85 -50 -186 -136 -107 112 79 113 83 38 84 81 110 64 -141 -45 -151 -47 45 -114 -47 -106 -132 103 64 9 10 130 -47 161 119 18 -58 -25 -62 3 120 -21 171 107 -139 187 119 -1 -16 77 -136 143 -143 120 5958099.792608202 1.4160555066299422E7 0.46663734314647015 0.0 
150 -133 -12 -133 99 -139 33 -102 6 -134 -183 5 -109 150 -103 120 -199 118 97 71 19 -71 66 -45 77 114 11 -139 -48 -144 -52 79 -50 -187 -133 -106 114 84 113 83 27 81 74 110 114 -141 -46 -156 60 -86 -76 -44 -102 -140 102 62 24 -118 72 -190 92 118 15 -58 -25 -104 19 112 -126 152 130 -142 184 117 -3 183 47 -60 174 -143 117 5699966.85643949 1.9256667409222532E7 34.541617840622216 0.0 
125 -132 -13 -134 31 -132 72 -109 6 -133 -181 0 -131 110 -103 119 -180 110 113 78 23 -73 88 -41 93 114 11 -136 -107 -78 -149 43 -49 -49 -104 -106 94 79 112 62 -11 62 70 87 63 -139 -106 -88 -47 39 -116 -56 -105 -123 102 62 34 11 132 -44 160 116 16 -57 -24 -62 -9 121 -21 166 108 -139 186 117 1 17 77 -136 135 -143 120 6359846.30759263 8679998.45706166 14.583585413188342 0.0 
129 -132 -15 -134 35 -134 3 -103 4 -134 -183 1 -131 111 -107 116 -176 110 100 70 22 -74 78 -45 80 113 11 -140 -58 -79 -47 85 -50 -188 -133 -106 112 74 113 83 37 96 70 107 36 -141 -47 -128 -47 33 -109 -46 -108 -127 102 65 7 10 130 -51 161 117 15 -49 -25 -62 3 120 -20 171 108 -139 188 120 -1 -17 79 -135 131 -143 121 5995618.533183816 1.308145786091156E7 57.38254519225938 0.0 
150 -133 -14 -132 109 -139 33 -101 6 -134 -183 -8 -109 158 -103 120 -197 118 97 70 19 -194 66 -45 81 114 11 -139 -49 -140 -48 79 -50 -188 -133 -106 113 84 114 83 26 81 74 107 114 -140 -46 -155 60 -86 -78 -42 -142 -105 102 65 24 -118 72 -190 91 117 16 -58 -24 -100 19 109 -125 152 130 -143 181 115 -3 183 47 -61 173 -142 118 5648391.333633044 2.102944824003386E7 133.8789025073705 0.0 
133 -129 -78 -131 -73 -133 55 -190 199 -146 -183 11 -111 47 -115 48 -156 64 63 84 30 -85 135 -8 114 113 -89 -113 -122 -79 -153 117 -64 -132 -122 -132 48 75 70 -34 3 76 86 -67 -74 -126 -63 23 -55 34 -116 -127 -109 -134 95 165 142 12 132 -50 126 130 30 -191 66 -1 21 105 -16 199 138 -134 194 66 24 18 68 13 65 -140 95 6919738.505523377 6646195.336899023 2.8201764076792805E-4 0.0 
124 -132 -13 -134 31 -112 69 -109 6 -134 -181 0 -131 112 -104 120 -180 110 113 78 23 -73 88 -40 84 114 11 -136 -107 -79 -148 46 -49 -45 -104 -106 92 79 113 61 -6 62 70 87 63 -139 -107 -88 -47 39 -116 -50 -104 -123 103 70 34 10 132 -45 158 119 16 -57 -24 -62 -18 119 -19 166 108 -139 186 116 1 -42 76 -136 135 -143 120 6326317.950606124 8960271.902643366 0.02973168716604023 0.0 
129 -132 -15 -134 35 -134 72 -109 5 -133 -184 1 -131 109 -108 115 -199 110 99 78 22 -71 77 -43 80 113 10 -140 -59 -79 -47 77 -50 -193 -105 -107 111 79 112 83 -10 57 70 109 64 -139 -48 -128 -47 40 -111 -51 -106 -116 102 76 8 10 130 -52 157 117 15 -58 -34 -62 3 119 -19 171 108 -139 187 116 0 -15 79 -136 141 -143 121 6079155.8255854035 1.1799050405151583E7 0.06459815874564102 0.0 
150 -133 -14 -132 109 -137 36 -101 10 -134 -183 4 -109 103 -103 120 -199 118 101 70 19 -70 66 -44 80 114 11 -139 -55 -76 -49 79 -50 -187 -133 -105 111 81 113 83 22 81 74 116 72 -141 -46 -170 60 -69 -78 -44 -107 -139 101 66 23 -118 71 -190 91 118 15 -58 -28 -103 19 112 -105 154 130 -143 187 116 -3 183 47 -59 173 -143 117 5769332.915330471 1.747781711510807E7 25.515630697304793 0.0 
150 -133 -14 -132 32 -138 34 -103 5 -134 -183 2 -130 107 -105 120 -197 117 101 72 18 -70 65 -44 81 114 11 -139 -55 -79 -45 79 -50 -188 -130 -106 111 78 111 83 32 81 71 109 71 -141 -46 -170 60 -72 -82 -44 -98 -139 101 65 23 -119 74 -190 92 115 15 -57 -21 -98 19 112 -106 154 130 -143 184 113 -3 185 47 -61 175 -142 117 5777128.017745194 1.7263262487750236E7 14.0253645558944 0.0 
129 -132 -16 -134 35 -132 34 -109 13 -132 -183 0 -132 110 -107 119 -183 115 98 78 22 -73 75 -45 92 114 11 -139 -59 -81 -48 77 -49 -196 -115 -103 106 77 113 80 35 79 77 108 68 -140 -50 -153 -47 34 -112 -49 -97 -145 103 65 13 10 135 -51 158 119 15 -51 -24 -62 -2 119 -19 171 108 -141 187 117 -2 -16 77 -136 136 -143 120 6069919.113611855 1.1874454018472385E7 56.46893684004108 0.0 
125 -132 -14 -134 31 -132 71 -109 5 -133 -181 0 -131 107 -104 117 -180 110 113 78 23 -73 88 -40 93 114 11 -137 -108 -78 -148 43 -49 -45 -105 -105 94 79 113 61 -6 62 70 87 63 -134 -108 -89 -46 39 -117 -51 -104 -129 102 71 34 11 132 -49 158 119 17 -56 -24 -62 -11 120 -21 166 108 -139 186 117 1 17 77 -136 135 -143 121 6388562.812595593 8573813.051754003 0.01313977504381702 0.0 
132 -126 -9 -130 -13 -133 53 -190 197 -176 -183 13 -107 46 -108 48 -154 64 57 82 31 -87 136 -8 112 113 34 -113 -122 -79 -153 118 -64 -132 -122 -132 48 75 69 -31 4 73 74 30 43 -126 -64 23 -54 34 -120 -101 -117 -135 94 157 134 12 132 -50 126 129 29 -93 66 -1 21 104 -16 199 137 -136 190 66 24 17 67 -78 70 -135 94 6601626.524440256 7989726.728784299 2.942551888966733E-4 0.0 
151 -133 -14 -132 33 -131 68 -104 6 -134 -183 1 -131 104 -105 119 -197 109 98 70 19 -73 78 -44 81 113 11 -141 -55 -78 -53 79 -44 -188 -114 -106 111 77 115 83 23 81 70 108 67 -141 -49 -154 59 -73 -83 -46 -94 -143 103 66 27 -160 95 -190 92 115 15 -58 -29 -57 6 112 -105 165 130 -141 184 116 -4 147 47 -136 136 -142 116 5947718.890415563 1.4313549049398245E7 7.561388244011392 0.0 
147 -133 -13 -132 34 -131 66 -104 5 -134 -183 0 -130 107 -105 119 -198 119 99 70 19 -72 66 -45 79 113 11 -141 -54 -78 -44 79 -50 -188 -133 -106 111 77 113 83 23 81 70 106 66 -141 -41 -170 60 -70 -82 -45 -93 -128 102 66 22 -160 95 -190 91 118 15 -61 -29 -56 6 112 -103 154 129 -144 187 116 -3 182 47 -61 175 -142 118 5838889.483646033 1.610519110640279E7 4.21990399393644E-4 0.0 
129 -132 -12 -134 30 -133 72 -113 1 -134 -183 0 -131 114 -104 119 -180 117 113 78 22 -73 88 -45 86 113 11 -140 -105 -78 -146 42 -53 -44 -106 -106 95 95 113 61 -11 46 70 88 41 -139 -105 -94 -48 44 -112 -50 -105 -127 104 76 35 11 135 -47 159 118 13 -72 -25 -62 2 77 -20 173 108 -141 186 117 -2 22 57 -136 134 -143 121 6464097.589131613 8284826.8641181495 0.6627551212829301 0.0 
150 -133 -12 -132 107 -137 35 -101 5 -134 -183 6 -105 105 -103 116 -199 118 100 71 25 -68 66 -44 80 114 11 -139 -48 -74 -47 79 -50 -187 -132 -106 113 84 113 83 21 81 74 110 134 -141 -46 -165 60 -86 -78 -44 -106 -138 101 65 24 -119 72 -191 91 118 15 -58 -24 -53 19 112 -108 153 130 -142 187 117 -3 183 47 -61 175 -142 117 5796805.776386335 1.694787907288609E7 6.645652840057022 0.0 
128 -132 -12 -134 31 -134 70 -109 5 -134 -183 1 -132 110 -104 116 -182 117 97 70 22 -74 78 -43 79 113 11 -140 -56 -78 -35 68 -50 -187 -113 -107 112 78 111 63 14 59 80 110 66 -139 -47 -137 -44 45 -112 -50 -101 -123 103 76 8 9 135 -43 158 118 16 -57 -24 -62 2 120 -23 171 108 -140 191 116 -2 -16 78 -136 141 -143 121 6109610.123072465 1.1274417935277516E7 10.139377610357538 0.0 
128 -132 -12 -134 31 -127 71 -109 9 -134 -184 1 -131 113 -108 114 -180 116 98 78 23 -74 74 -45 81 113 11 -141 -59 -81 -41 76 -49 -196 -106 -106 106 66 112 63 14 59 70 111 62 -125 -107 -96 -46 39 -111 -50 -102 -129 102 76 20 11 135 -47 160 118 16 -58 -24 -62 2 120 -21 170 108 -141 186 117 0 -16 77 -137 132 -144 122 6178583.901889078 1.0424305276017087E7 0.06377141501650858 0.0 
150 -133 -12 -132 107 -139 35 -101 5 -134 -183 -9 -108 143 -103 116 -198 118 97 69 19 -196 66 -44 80 114 11 -139 -48 -142 -47 79 -50 -187 -132 -106 113 84 113 83 26 81 72 109 62 -141 -46 -160 60 -87 -78 -44 -142 -105 101 65 13 -119 72 -191 91 117 15 -58 -24 -96 19 114 -123 154 130 -142 187 116 -5 183 47 -60 172 -143 118 5658214.387663552 2.0696840400770098E7 103.96032293259684 0.0 
150 -133 -14 -133 106 -139 34 -100 10 -134 -183 5 -109 100 -103 120 -198 118 100 77 19 -70 65 -45 81 107 11 -139 -49 -77 -52 79 -50 -187 -133 -106 114 84 113 83 22 81 71 105 150 -141 -46 -165 60 -69 -76 -42 -98 -144 102 66 29 -118 72 -185 91 117 15 -59 -24 -103 19 112 -124 154 130 -143 187 116 -3 183 47 -61 176 -142 118 5747759.557508712 1.786527625948068E7 26.799602776543818 0.0 
142 -133 -14 -132 32 -130 68 -104 5 -134 -183 1 -131 107 -105 119 -198 118 97 72 19 -72 66 -44 81 113 12 -141 -54 -77 -52 78 -50 -187 -106 -106 112 78 113 83 32 81 74 105 69 -141 -38 -165 60 -67 -76 -45 -93 -140 105 94 23 -165 95 -190 91 118 15 -59 -24 -54 7 112 -103 154 130 -143 188 116 -3 182 45 -61 176 -142 118 5929472.550048511 1.4650930221089104E7 4.2013053933770785E-4 0.0 
125 -132 -13 -134 35 -113 71 -109 2 -133 -184 0 -131 115 -104 118 -180 110 98 78 23 -74 88 -48 92 114 11 -136 -108 -78 -149 45 -49 -45 -104 -106 94 78 112 62 -6 62 70 106 64 -138 -105 -88 -46 39 -115 -57 -105 -122 103 77 34 11 135 -45 156 119 16 -57 -34 -62 -9 120 -20 172 108 -139 186 116 1 -45 78 -136 135 -143 120 6299415.911008894 9264503.33973514 0.02998481486513786 0.0 
150 -133 -14 -133 106 -139 34 -102 5 -134 -183 5 -109 153 -103 115 -199 118 101 78 19 -70 66 -45 80 114 11 -139 -49 -77 -48 79 -48 -188 -132 -106 113 84 113 83 23 81 73 110 115 -141 -46 -165 60 -67 -82 -42 -96 -144 102 66 24 -118 71 -190 91 117 15 -58 -29 -103 19 112 -105 153 130 -143 187 117 -5 183 47 -61 177 -143 118 5718579.324940791 1.8462593618995238E7 80.1282456904837 0.0 
150 -133 -12 -132 34 -137 34 -101 5 -134 -184 2 -130 107 -103 119 -197 110 98 72 22 -72 80 -44 81 114 12 -141 -57 -76 -52 79 -50 -188 -131 -106 111 78 115 83 32 81 71 111 59 -141 -49 -170 60 -73 -82 -44 -98 -142 101 65 24 -163 95 -187 91 114 15 -57 -21 -57 5 112 -106 154 130 -143 184 116 -2 183 47 -63 175 -142 118 5899332.858400518 1.5151064716208985E7 4.116599114862298E-4 0.0 
130 -132 -15 -133 40 -134 72 -111 1 -134 -183 0 -131 111 -109 116 -180 111 107 74 23 -73 88 -45 84 113 11 -138 -111 -79 -143 45 -48 -59 -105 -105 106 79 113 63 -5 59 67 107 41 -139 -48 -130 -47 39 -116 -46 -98 -127 102 75 -40 10 141 -49 164 118 16 -57 -13 -62 2 121 -21 171 108 -141 186 117 0 -16 77 -136 135 -143 121 6259959.822110965 9625888.794303086 0.02967006685389616 0.0 
142 -133 -12 -133 33 -130 68 -104 6 -134 -183 2 -130 111 -105 119 -199 117 99 70 25 -71 79 -44 81 115 11 -141 -55 -75 -53 79 -50 -188 -133 -106 114 77 111 83 32 81 70 110 69 -141 -45 -166 60 -70 -81 -45 -96 -140 105 66 27 -164 94 -189 91 115 16 -57 -22 -57 5 112 -106 180 129 -144 184 116 -2 149 45 -66 136 -142 120 5819535.940728477 1.6392239831500355E7 44.1400597609978 0.0 
132 -113 -9 -131 -15 -133 56 -191 199 -187 -183 11 -107 47 -108 53 -156 65 57 84 30 -87 135 -8 113 107 -89 -127 -122 -79 -153 112 -64 -133 -122 -132 51 76 69 -31 4 76 72 24 -74 -125 -63 23 -55 39 -117 -126 -109 -135 103 160 137 12 132 -50 128 131 29 -189 66 -1 20 103 -16 199 137 -131 190 66 31 18 69 -77 71 -140 90 6674766.166712017 7623394.690455228 3.0755117910114156E-4 0.0 
150 -133 -14 -133 107 -139 35 -101 5 -134 -183 -8 -108 146 -103 120 -199 118 97 70 19 -196 66 -45 81 111 11 -139 -49 -143 -48 79 -50 -187 -132 -106 113 88 112 83 22 81 70 107 113 -141 -46 -166 60 -88 -78 -44 -142 -105 101 66 28 -119 72 -190 91 117 14 -58 -29 -100 19 112 -104 154 130 -143 187 117 -3 183 47 -61 175 -143 117 5658998.31175192 2.0738824188453984E7 70.39753783746768 0.0 
130 -133 -14 -134 31 -134 77 -109 6 -135 -185 -2 -131 114 -107 120 -182 111 113 78 21 -73 89 -43 92 114 11 -138 -111 -77 -150 45 -53 -51 -105 -106 99 79 113 62 -10 46 69 106 43 -140 -111 -86 -47 37 -117 -51 -102 -124 103 75 29 11 135 -46 158 118 15 -56 -25 -62 2 119 -20 172 108 -139 186 116 -2 -16 79 -136 134 -143 121 6328113.363120722 8885083.045388343 1.4056176710190031 0.0 
150 -133 -12 -134 109 -137 32 -104 5 -134 -183 1 -109 150 -103 120 -199 118 101 70 19 -71 66 -44 80 114 11 -139 -52 -79 -49 79 -49 -187 -133 -106 113 84 114 83 26 81 70 93 151 -141 -46 -171 60 -86 -82 -43 -161 -102 104 65 30 -118 71 -189 91 117 15 -58 -29 -103 19 112 -103 154 130 -143 184 113 -5 183 47 -60 176 -142 118 5699534.0084700715 1.936828936081168E7 4.552027847838411E-4 0.0 
147 -133 -14 -132 34 -132 66 -104 5 -134 -183 0 -130 107 -105 119 -199 119 100 70 19 -72 66 -44 79 113 11 -141 -54 -78 -44 79 -50 -188 -133 -107 111 77 113 83 23 81 70 106 66 -141 -41 -171 60 -70 -78 -45 -93 -137 102 66 22 -160 95 -189 91 116 15 -58 -29 -56 6 112 -103 154 129 -144 187 116 -3 152 47 -61 175 -142 118 5816781.408369811 1.6447077259385388E7 8.197818716977782 0.0 
150 -133 -14 -133 106 -139 35 -102 5 -134 -183 -7 -108 143 -103 115 -197 118 98 69 19 -196 66 -45 80 114 11 -139 -48 -139 -47 79 -51 -186 -133 -106 113 84 114 83 26 81 71 108 115 -141 -46 -158 60 -87 -78 -43 -143 -106 103 65 19 -117 71 -180 92 115 15 -58 -23 -98 19 112 -122 154 130 -143 187 113 -5 183 47 -60 182 -143 118 5658971.279443814 2.087602830628575E7 1.0806933188459567 0.0 
150 -133 -14 -132 109 -139 34 -101 6 -134 -183 0 -109 157 -103 120 -198 118 97 70 19 -194 65 -45 81 114 11 -139 -55 -80 -45 79 -50 -188 -132 -106 114 80 114 86 23 81 74 107 114 -140 -45 -155 60 -86 -80 -42 -142 -105 102 65 24 -118 72 -190 92 117 16 -59 -24 -100 19 112 -125 152 130 -143 181 116 -3 183 47 -61 173 -142 117 5668467.738730779 2.053185333057325E7 30.328477553238276 0.0 
127 -132 -12 -133 35 -127 72 -110 9 -134 -184 0 -131 114 -108 101 -180 116 114 78 21 -73 75 -43 80 108 11 -140 -59 -81 -37 78 -48 -49 -106 -107 94 66 112 63 15 85 80 111 29 -125 -105 -96 -47 44 -114 -46 -101 -129 102 76 18 11 135 -51 158 118 17 -55 -24 -61 3 119 -21 171 108 -139 186 117 -1 -16 78 -136 134 -144 122 6209886.728207935 1.0057210242231125E7 30.390642687500765 0.0 
150 -133 -12 -131 110 -137 34 -101 5 -134 -183 4 -108 163 -103 119 -197 117 99 69 19 -193 65 -45 80 114 11 -139 -49 -140 -52 76 -51 -187 -132 -106 112 81 114 83 23 81 71 109 72 -141 -45 -186 60 -87 -79 -42 -142 -106 102 65 21 -118 72 -189 91 117 15 -58 -22 -97 19 112 -106 154 130 -143 186 116 -3 183 47 -60 176 -143 117 5668371.606489037 2.063054337649924E7 29.550609169222934 0.0 
142 -132 -14 -133 34 -133 74 -108 11 -134 -183 0 -131 114 -107 120 -175 112 113 78 23 -74 88 -45 92 108 11 -136 -107 -78 -149 46 -49 -51 -114 -105 92 77 113 61 -6 48 70 109 43 -139 -104 -88 -46 39 -117 -48 -105 -123 102 76 33 11 132 -45 162 119 16 -57 -24 -62 17 119 -19 174 108 -138 186 117 1 18 77 -136 132 -143 121 6369330.641276679 8643139.338652892 0.013202607429898056 0.0 
124 -132 -14 -134 31 -112 75 -109 6 -134 -181 0 -131 112 -104 120 -180 110 113 78 23 -73 88 -40 91 114 11 -136 -107 -79 -148 46 -48 -45 -104 -106 92 79 113 61 -6 62 70 87 63 -139 -107 -88 -47 40 -116 -50 -104 -123 103 70 34 10 132 -45 158 119 16 -57 -24 -62 -17 119 -19 172 108 -139 186 116 1 -29 76 -136 135 -143 121 6330504.079551653 8884281.031065395 0.029766884108564765 0.0 
125 -132 -14 -134 35 -132 77 -107 11 -135 -184 0 -131 109 -108 116 -183 110 99 78 23 -74 80 -43 93 122 10 -138 -60 -78 -37 77 -49 -194 -106 -106 111 71 109 60 -5 57 70 114 72 -139 -48 -130 -47 37 -115 -49 -106 -124 103 64 8 10 130 -52 157 118 15 -58 -25 -63 3 120 -23 170 109 -139 185 117 -1 -16 79 -136 144 -143 121 6137128.702039911 1.0875478272516001E7 0.2559307752235519 0.0 
127 -132 -15 -134 33 -134 9 -102 6 -134 -183 1 -131 104 -106 119 -198 110 99 77 22 -73 76 -43 80 113 11 -141 -58 -79 -46 85 -49 -187 -133 -106 112 66 113 80 38 81 80 109 64 -141 -45 -152 -47 39 -112 -46 -106 -133 104 64 9 10 130 -47 161 117 16 -53 -25 -63 2 120 -23 171 108 -139 187 119 0 -16 79 -136 133 -143 120 5999629.470507115 1.3194786526855394E7 0.028051618838285296 0.0 
127 -132 -15 -134 35 -134 9 -102 6 -134 -183 1 -131 111 -108 135 -198 111 99 77 22 -73 76 -43 80 113 11 -141 -58 -78 -46 85 -49 -187 -133 -106 112 66 113 80 15 81 70 109 64 -141 -45 -152 -47 33 -112 -46 -107 -133 101 64 7 10 130 -52 161 117 16 -53 -25 -63 2 120 -23 144 108 -139 187 120 0 -16 77 -136 136 -143 120 5988532.702058855 1.3335829786818463E7 0.02916509512707807 0.0 
149 -133 -14 -132 33 -130 36 -104 5 -134 -183 1 -131 107 -103 137 -199 118 97 72 19 -72 66 -44 78 113 11 -141 -52 -77 -52 78 -50 -190 -106 -106 112 84 113 83 32 81 74 105 69 -141 -38 -165 60 -67 -76 -45 -93 -146 105 60 28 -167 95 -190 92 118 15 -59 -24 -54 7 112 -103 154 130 -143 188 116 -3 182 45 -61 176 -143 118 5858661.476692894 1.5833586571856225E7 4.356353874102997E-4 0.0 
152 -133 -14 -133 37 -131 35 -103 5 -134 -183 1 -130 111 -103 121 -198 117 100 69 18 -72 65 -44 81 114 12 -139 -49 -78 -52 79 -49 -187 -133 -106 111 78 113 84 32 81 70 109 70 -141 -41 -185 60 -69 -82 -44 -93 -139 103 66 29 -165 94 -187 91 117 15 -57 -21 -54 5 112 -103 154 130 -143 187 116 -3 183 47 -61 175 -142 118 5849906.372632499 1.5967607735476904E7 4.253926613149163E-4 0.0 
142 -133 -13 -132 33 -130 68 -104 5 -134 -183 1 -131 107 -105 119 -198 118 99 72 19 -72 66 -44 81 113 12 -141 -54 -80 -52 78 -49 -187 -106 -106 112 78 113 83 32 81 70 105 69 -141 -38 -170 60 -67 -82 -45 -93 -140 105 95 23 -165 95 -191 91 118 15 -59 -23 -54 7 112 -103 154 130 -143 188 116 -3 182 45 -63 176 -142 118 5948352.878402035 1.4491229884031555E7 4.1669800807982556E-4 0.0 
125 -132 -14 -134 31 -134 71 -109 5 -133 -181 0 -131 107 -104 111 -180 110 113 78 23 -73 88 -40 85 114 11 -136 -113 -78 -148 46 -49 -50 -97 -127 94 79 113 62 -6 46 70 87 47 -140 -108 -88 -47 39 -111 -51 -104 -129 103 76 34 11 132 -47 162 119 15 -56 -25 -62 -11 120 -20 165 108 -139 186 117 1 -16 76 -136 134 -143 121 6346431.720663008 8762286.643366117 0.01331411680246309 0.0 
150 -133 -12 -132 34 -132 7 -102 5 -134 -184 2 -130 111 -103 119 -197 110 98 70 22 -72 79 -44 81 114 12 -141 -57 -76 -45 79 -50 -188 -132 -105 111 78 115 83 32 81 71 111 67 -141 -49 -170 60 -73 -82 -44 -99 -142 101 67 24 -163 95 -190 91 114 22 -57 -21 -57 5 112 -106 154 130 -144 184 117 -2 183 47 -63 175 -142 118 5882530.537105777 1.5364613100611344E7 4.140008143311871E-4 0.0 
127 -132 -15 -134 35 -134 75 -103 4 -133 -182 0 -132 112 -107 119 -198 110 99 70 24 -73 76 -43 80 113 11 -140 -54 -79 -48 85 -49 -187 -133 -106 112 75 113 80 37 81 71 110 67 -141 -47 -152 -47 39 -112 -50 -106 -142 102 65 9 10 130 -47 158 117 15 -53 -25 -63 2 120 -22 170 108 -140 187 119 0 -16 79 -136 143 -143 120 6008794.671996513 1.3013212603495533E7 0.06534894349792189 0.0 
129 -132 -13 -134 33 -134 71 -109 4 -133 -184 0 -131 112 -108 134 -183 110 99 69 21 -73 77 -43 79 114 10 -140 -53 -79 -49 77 -50 -194 -104 -107 111 79 113 85 -12 56 70 109 48 -141 -45 -128 -48 39 -114 -51 -106 -132 102 76 8 10 130 -52 160 117 18 -58 -35 -63 3 119 -21 172 107 -139 187 116 0 -17 77 -136 143 -143 121 6057164.615754257 1.2197363083140705E7 0.06485678856329305 0.0 
146 -133 -15 -133 34 -131 78 -103 5 -134 -184 2 -130 111 -105 118 -199 118 100 70 24 -74 80 -45 81 114 11 -139 -51 -76 -53 79 -50 -194 -109 -106 113 80 112 83 23 82 71 106 69 -141 -45 -170 59 -72 -83 -46 -95 -143 102 76 24 -164 95 -192 91 115 18 -57 -22 -57 6 112 -122 180 129 -143 184 117 -2 150 47 -134 135 -142 116 5938985.634528595 1.4385703352877796E7 47.84509656934799 0.0 
128 -132 -14 -134 35 -134 70 -109 6 -134 -184 0 -131 112 -103 118 -181 118 99 78 24 -73 87 -45 80 114 10 -140 -59 -81 -34 81 -50 -196 -115 -106 101 63 113 61 10 57 70 109 46 -138 -48 -130 -47 45 -111 -50 -106 -123 102 76 8 10 135 -49 160 117 16 -54 -33 -63 3 119 -22 171 108 -139 186 116 0 -16 77 -137 132 -143 122 6146437.465890558 1.082657885903263E7 0.028498293352930405 0.0 
142 -133 -12 -133 33 -130 71 -104 6 -134 -183 2 -130 111 -103 119 -199 117 99 70 25 -71 79 -44 81 115 11 -139 -50 -75 -53 79 -50 -188 -133 -106 113 81 111 83 32 81 70 110 120 -141 -45 -166 60 -70 -78 -50 -96 -120 105 66 27 -164 94 -189 91 115 16 -57 -22 -57 5 112 -106 154 130 -144 184 116 -3 149 45 -66 173 -142 120 5807281.4708635155 1.6568009687633118E7 8.064977970918433 0.0 
150 -133 -14 -132 107 -138 34 -104 5 -134 -183 -8 -109 107 -103 120 -199 119 100 71 19 -72 66 -44 80 114 11 -139 -44 -76 -49 79 -49 -187 -132 -105 111 85 113 83 22 81 74 107 72 -141 -46 -167 60 -69 -78 -44 -123 -139 101 65 23 -157 71 -190 91 118 15 -58 -29 -53 19 112 -103 154 130 -142 184 118 -3 182 47 -60 174 -143 117 5799952.973664017 1.6749112543697536E7 100.24929459478679 0.0 
149 -133 -12 -133 99 -139 34 -102 6 -134 -183 5 -109 151 -103 119 -197 118 101 71 19 -72 66 -45 77 114 11 -139 -52 -144 -52 79 -50 -187 -133 -106 114 84 111 83 27 81 74 109 114 -141 -46 -155 60 -86 -76 -42 -101 -140 102 62 24 -118 71 -189 92 117 15 -58 -24 -104 19 109 -104 154 130 -142 184 117 -4 183 47 -60 174 -143 117 5709915.249916241 1.907080320546518E7 4.584191973839345E-4 0.0 
150 -133 -12 -133 109 -138 32 -104 5 -134 -183 5 -109 151 -103 119 -199 118 101 72 19 -72 66 -43 80 113 11 -139 -52 -76 -49 78 -49 -188 -132 -106 112 84 113 83 22 81 71 109 69 -141 -46 -165 60 -89 -82 -44 -102 -142 107 65 28 -118 71 -190 92 118 15 -58 -29 -98 19 112 -104 154 130 -143 187 116 -3 183 47 -60 173 -143 118 5727760.610168119 1.8417065683537837E7 4.521673943492441E-4 0.0 
129 -132 -15 -134 35 -134 11 -109 6 -134 -183 0 -131 105 -106 120 -182 109 101 75 21 -73 75 -42 83 112 13 -140 -58 -78 -39 81 -50 -187 -133 -106 113 66 113 80 16 60 81 108 64 -138 -44 -129 -47 39 -111 -47 -107 -132 103 76 9 10 135 -51 161 117 21 -58 -24 -62 4 120 -23 171 107 -139 188 117 -1 -16 79 -136 133 -142 121 6038056.013290518 1.2478488568103889E7 0.584005899217334 0.0 
146 -133 -15 -133 34 -131 66 -103 5 -134 -184 2 -130 104 -105 118 -197 118 100 70 22 -74 78 -44 81 114 11 -139 -51 -76 -53 79 -50 -194 -107 -107 113 80 112 83 22 82 71 106 69 -141 -45 -170 60 -72 -83 -44 -95 -133 102 76 22 -164 95 -192 91 116 18 -57 -22 -57 6 112 -122 180 129 -143 184 116 -2 150 47 -134 135 -142 117 5939773.821636319 1.443388237408366E7 47.783810947888824 0.0 
127 -132 -12 -133 35 -127 79 -110 9 -135 -184 0 -132 114 -108 113 -176 116 99 78 22 -74 78 -45 80 108 11 -136 -59 -80 -37 65 -48 -42 -106 -105 106 66 112 63 15 59 70 109 30 -125 -105 -96 -47 44 -115 -49 -102 -129 103 76 19 11 135 -44 158 118 16 -56 -24 -62 1 118 -21 170 108 -139 185 117 -2 -16 77 -136 132 -144 128 6238641.65171005 9691972.6643592 45.06199627994112 0.0 
130 -132 -13 -143 30 -133 71 -109 1 -135 -183 0 -131 111 -104 112 -180 110 113 86 23 -74 88 -45 92 107 11 -137 -107 -78 -149 49 -34 -46 -105 -106 94 75 113 61 -11 62 68 88 63 -139 -108 -87 -29 38 -112 -50 -105 -130 102 65 32 11 132 -46 156 118 16 -57 -24 -62 2 76 -20 173 108 -141 178 117 1 17 57 -136 135 -137 121 6478660.222306783 8275347.981732206 0.012882145927443904 0.0 
128 -132 -13 -134 8 -133 37 -154 15 -135 -185 0 -131 112 -104 121 -180 111 113 78 24 -74 89 -39 92 114 3 -133 -110 -78 -149 43 -49 -117 -114 -106 92 77 113 61 -10 49 69 107 63 -136 -113 -87 -48 38 -111 -50 -105 -130 102 79 32 11 136 -47 158 115 10 -57 -25 -61 3 79 -19 172 108 -139 187 117 -2 17 57 -136 132 -143 121 6484313.593666591 8197783.195493755 0.45582060754838616 0.0 
133 -125 -8 -131 -13 -133 56 -178 199 -187 -183 14 -108 47 -115 52 -155 65 63 84 30 -87 135 -8 114 113 -91 -114 -122 -79 -155 117 -64 -133 -122 -132 48 76 67 -31 4 76 73 -73 -74 -126 -63 23 -55 38 -117 -127 -116 -135 94 160 137 12 132 -50 128 131 36 -186 67 -1 20 105 -16 198 137 -131 190 65 30 17 69 -72 71 -136 90 6736732.780053601 7131269.63467459 2.936049740040488E-4 0.0 
129 -132 -13 -134 35 -134 71 -109 5 -133 -184 1 -130 109 -108 146 -177 110 99 78 21 -74 77 -43 80 113 10 -140 -59 -78 -41 77 -50 -193 -105 -107 111 79 112 83 -12 57 70 109 64 -139 -48 -128 -47 39 -111 -51 -106 -116 102 76 8 10 129 -52 157 117 18 -58 -34 -62 3 119 -12 171 108 -139 187 116 0 -15 77 -136 140 -143 121 6083940.920398202 1.1516644433170594E7 0.06467851249979747 0.0 
133 -126 -9 -131 -12 -133 51 -191 197 -187 -183 6 -111 56 -115 48 -156 64 58 84 30 -85 135 -8 114 113 -89 -113 -122 -79 -153 117 -64 -132 -126 -132 48 75 70 -34 4 76 86 -67 -74 -125 -63 23 -55 34 -116 -126 -123 -135 102 165 142 12 132 -50 126 130 29 -186 66 -1 21 105 -15 199 138 -131 194 66 24 17 68 -74 71 -140 90 6764215.075028767 7096254.042750719 54.56279792204894 0.0 
125 -133 -14 -133 31 -134 41 -107 7 -134 -183 0 -131 112 -108 120 -182 111 113 78 25 -73 87 -43 79 114 11 -138 -110 -77 -150 49 -49 -195 -115 -106 102 66 113 63 -6 60 66 109 62 -139 -46 -130 -47 37 -117 -45 -106 -123 103 75 7 10 135 -44 157 118 16 -57 -24 -62 3 119 -20 172 108 -139 187 116 -2 -17 77 -136 135 -143 121 6248997.742801173 9781402.168940086 0.47222402750425513 0.0 
150 -133 -12 -133 106 -138 35 -103 5 -134 -183 5 -109 151 -103 116 -198 118 101 70 19 -72 66 -45 77 111 11 -139 -49 -78 -52 79 -50 -188 -133 -106 113 84 113 83 26 81 73 93 148 -141 -46 -154 60 -86 -78 -43 -96 -145 104 66 24 -118 71 -189 91 117 15 -58 -29 -102 19 112 -121 153 130 -143 184 117 -3 183 47 -60 176 -142 118 5719069.338065256 1.8543704275571425E7 1.2738267319035839 0.0 
128 -132 -12 -134 31 -127 79 -109 9 -134 -185 1 -131 113 -108 114 -180 116 98 78 23 -74 74 -45 82 113 11 -141 -59 -81 -37 77 -49 -196 -106 -107 106 66 112 63 14 59 70 111 62 -125 -107 -96 -47 37 -111 -50 -102 -123 102 76 20 11 135 -47 158 118 16 -58 -33 -62 2 119 -21 170 108 -139 186 117 0 -16 77 -136 132 -144 122 6184552.328352159 1.0388119400782688E7 0.06360846456095638 0.0 
150 -133 -14 -132 34 -132 34 -103 5 -134 -183 1 -130 111 -106 121 -199 111 100 70 19 -72 65 -44 81 114 11 -139 -51 -78 -48 79 -49 -189 -107 -106 111 78 113 83 32 81 70 106 69 -141 -45 -166 60 -69 -82 -44 -93 -144 102 66 23 -165 95 -187 91 118 17 -57 -23 -54 5 112 -103 154 130 -143 187 116 -3 182 47 -61 175 -142 133 5865648.318453386 1.5575711243595382E7 4.21322031552078E-4 0.0 
129 -132 -12 -134 35 -127 79 -110 9 -135 -184 0 -131 112 -108 113 -183 116 99 78 21 -74 78 -45 80 108 11 -137 -59 -80 -37 64 -50 -186 -106 -105 106 66 113 64 15 60 70 109 31 -125 -103 -96 -47 44 -115 -49 -102 -132 103 76 20 10 135 -44 158 118 16 -58 -24 -62 1 118 -21 170 108 -139 185 117 0 -16 77 -136 132 -143 121 6199783.989086723 1.0298905699482016E7 0.11274861656616823 0.0 
128 -132 -14 -133 35 -127 79 -110 9 -135 -184 0 -132 114 -108 113 -176 116 99 78 22 -73 87 -45 80 114 11 -136 -59 -80 -37 65 -48 -199 -106 -107 106 66 112 63 15 59 70 109 30 -138 -105 -97 -47 44 -111 -49 -106 -129 103 76 19 11 135 -44 158 118 16 -58 -24 -62 1 118 -21 170 108 -139 185 117 -2 -16 77 -136 132 -144 128 6197379.337492235 1.0187144671834202E7 0.5728240732210529 0.0 
152 -133 -13 -132 38 -131 35 -103 5 -134 -183 1 -131 106 -105 119 -197 117 100 69 19 -71 66 -46 81 107 11 -141 -55 -76 -53 79 -49 -188 -108 -106 111 80 114 83 26 81 70 106 66 -141 -41 -170 60 -70 -77 -46 -94 -128 102 66 28 -168 95 -189 91 118 15 -61 -30 -57 6 112 -103 154 129 -143 186 116 -3 149 45 -60 177 -143 117 5854600.312609794 1.5726054388635533E7 7.839801568526893 0.0 
127 -132 -15 -134 35 -134 3 -103 4 -134 -183 1 -131 112 -107 116 -176 110 100 70 22 -73 78 -45 80 113 11 -140 -58 -79 -47 85 -50 -188 -133 -106 112 74 113 83 15 97 70 107 36 -141 -47 -128 -47 34 -109 -46 -108 -127 102 65 7 10 130 -51 161 118 15 -58 -25 -63 3 120 -20 171 108 -139 188 120 -1 -16 79 -138 131 -143 121 5989459.489682983 1.3220264351975314E7 0.2610977993080579 0.0 
129 -134 -13 -134 35 -135 35 -109 5 -133 -184 0 -132 111 -107 118 -182 109 98 70 22 -75 75 -45 80 112 10 -139 -58 -79 -39 81 -50 -186 -133 -106 107 66 111 80 14 86 70 106 66 -138 -50 -171 -47 35 -101 -50 -104 -133 103 59 9 10 142 -42 161 119 14 -57 -24 -62 3 120 -23 171 108 -140 187 116 -1 -17 79 -136 132 -143 120 6016426.577588194 1.2737409755591203E7 0.35320995930872745 0.0 
150 -133 -14 -132 32 -131 34 -103 6 -134 -183 2 -130 107 -105 120 -199 117 98 72 19 -70 66 -44 81 114 11 -139 -58 -78 -45 78 -50 -188 -133 -106 111 78 111 83 32 81 71 109 71 -141 -46 -168 60 -72 -82 -44 -98 -137 101 65 23 -120 74 -190 92 115 15 -57 -21 -104 19 112 -106 154 130 -143 184 113 -3 185 47 -61 173 -142 117 5786936.300622088 1.714829373958399E7 4.32831360724254E-4 0.0 
129 -132 -13 -134 31 -132 72 -109 6 -133 -181 0 -131 109 -103 112 -180 110 113 78 23 -73 88 -40 93 114 11 -136 -107 -78 -149 43 -49 -49 -104 -106 94 79 112 62 -11 62 70 87 61 -139 -106 -88 -47 44 -116 -56 -105 -123 102 70 34 11 132 -44 160 116 16 -57 -24 -62 -9 121 -21 166 108 -139 186 117 1 21 77 -136 135 -143 120 6369070.213667269 8525692.460319037 14.110338142207471 0.0 
152 -132 -15 -132 34 -132 35 -103 5 -134 -183 1 -129 112 -105 121 -199 111 99 72 20 -72 65 -44 84 114 11 -139 -51 -79 -52 79 -49 -189 -107 -106 111 78 113 84 32 81 71 109 69 -120 -41 -166 60 -69 -82 -44 -93 -139 101 66 27 -165 94 -187 91 118 17 -57 -21 -54 5 112 -103 154 130 -144 187 116 -3 182 47 -63 175 -142 118 5909495.034035174 1.4964983397097422E7 29.899811103334304 0.0 
127 -134 -15 -132 35 -134 73 -109 4 -135 -184 1 -131 111 -108 136 -176 111 100 70 21 -74 74 -45 80 113 11 -141 -58 -78 -48 85 -49 -189 -135 -106 113 74 113 80 27 100 71 106 66 -141 -44 -132 -47 37 -115 -50 -107 -123 101 65 5 10 128 -51 161 118 15 -58 -35 -62 4 120 -20 171 108 -139 186 117 0 -16 77 -136 136 -142 121 6026653.8642545305 1.2784692307940718E7 0.0290113249675184 0.0 
128 -132 -14 -134 31 -134 77 -109 6 -134 -184 0 -131 112 -108 118 -180 116 99 78 22 -73 87 -45 82 114 10 -141 -59 -81 -34 77 -50 -199 -114 -107 107 66 113 61 14 57 70 111 48 -138 -52 -129 -47 45 -111 -50 -106 -123 102 76 20 11 135 -47 160 118 16 -58 -33 -63 3 120 -22 170 108 -139 186 116 0 -16 77 -136 132 -143 121 6129268.447234856 1.1132172384897182E7 0.06403863761148905 0.0 
150 -133 -14 -133 107 -138 35 -104 5 -134 -183 -8 -109 148 -103 116 -199 118 102 69 19 -199 80 -45 80 111 11 -139 -50 -141 -47 79 -50 -188 -133 -106 113 84 114 83 23 81 70 106 126 -141 -46 -169 60 -87 -78 -42 -142 -106 103 65 19 -119 71 -190 91 115 27 -58 -28 -103 19 112 -104 153 130 -143 187 117 -5 183 47 -60 177 -143 118 5659703.513994163 2.1057987743604053E7 4.749767067381181E-4 0.0 
133 -126 -8 -131 -15 -133 51 -191 197 -187 -183 14 -108 47 -115 52 -156 65 58 82 30 -87 135 -8 114 113 -89 -114 -122 -79 -153 117 -64 -133 -126 -132 48 75 67 -31 4 76 72 -66 -75 -126 -63 23 -55 38 -117 -126 -123 -135 102 160 128 12 132 -50 126 131 36 -186 66 -1 20 102 -11 198 138 -131 190 65 31 20 67 -76 71 -138 90 6754136.110562232 7095863.36051265 54.67986140747013 0.0 
147 -133 -14 -132 107 -139 34 -102 5 -134 -183 5 -109 151 -103 115 -199 117 101 70 19 -71 66 -44 80 115 11 -139 -48 -78 -49 79 -49 -188 -132 -106 113 84 113 83 22 81 73 110 67 -141 -46 -158 60 -86 -82 -44 -105 -145 101 65 19 -117 72 -189 91 117 15 -58 -21 -96 19 112 -103 154 130 -143 187 117 -4 183 47 -61 173 -142 118 5738399.670843647 1.8194140561587695E7 4.514452819426347E-4 0.0 
149 -133 -14 -133 107 -137 32 -101 5 -134 -183 5 -113 107 -103 115 -199 118 96 70 19 -69 63 -44 81 114 11 -139 -50 -76 -52 79 -50 -187 -132 -107 113 86 113 83 23 81 74 109 67 -141 -48 -158 60 -86 -78 -43 -97 -146 101 65 28 -118 70 -187 91 115 15 -58 -28 -101 19 112 -126 153 130 -143 184 117 -3 182 47 -61 173 -143 120 5759263.115634959 1.769787958744757E7 33.70183689935036 0.0 
128 -132 -12 -133 35 -127 72 -109 6 -134 -184 0 -131 112 -108 114 -180 116 100 78 21 -74 75 -43 81 108 11 -140 -59 -81 -37 78 -48 -47 -106 -107 106 66 112 63 15 59 80 111 29 -125 -105 -96 -47 44 -114 -51 -101 -129 102 76 18 11 135 -51 158 118 17 -55 -25 -61 1 119 -21 171 107 -139 186 117 -2 -16 78 -136 134 -144 122 6188494.254445644 1.0296343076911582E7 46.645079627347194 0.0 
147 -133 -12 -132 29 -139 34 -102 5 -134 -183 5 -109 107 -103 120 -199 117 101 70 19 -71 66 -44 80 114 11 -139 -48 -78 -45 79 -49 -188 -133 -107 113 84 113 85 22 81 71 110 68 -141 -46 -170 60 -86 -78 -44 -97 -140 102 65 28 -118 71 -190 91 115 15 -58 -25 -96 19 112 -103 154 130 -144 187 113 -3 183 47 -61 175 -142 118 5807641.894542114 1.688686146176378E7 4.372182832497589E-4 0.0 
150 -133 -12 -133 107 -138 67 -104 5 -134 -183 5 -109 151 -103 115 -199 117 101 69 19 -72 66 -44 80 114 11 -141 -48 -76 -57 78 -49 -188 -134 -106 112 84 113 83 22 81 71 105 69 -141 -40 -165 60 -86 -50 -44 -101 -139 105 65 20 -118 71 -189 92 118 15 -61 -29 -98 19 112 -104 154 130 -143 187 113 -5 183 47 -60 173 -143 118 5745743.033000619 1.8001075249189064E7 4.4922616167710063E-4 0.0 
150 -133 -12 -133 109 -139 32 -103 5 -134 -183 5 -111 103 -103 116 -199 117 101 70 18 -72 66 -44 81 114 11 -139 -49 -78 -52 79 -50 -187 -133 -107 113 81 113 85 22 81 71 109 69 -141 -46 -166 60 -86 -82 -44 -107 -143 104 66 19 -117 72 -190 91 117 15 -58 -29 -98 19 112 -103 154 130 -143 186 117 -4 183 47 -61 176 -143 117 5767374.09868387 1.7528860008549437E7 4.4309060738645725E-4 0.0 
133 -126 -8 -131 -15 -133 51 -191 197 -187 -183 13 -108 47 -115 52 -156 65 58 82 30 -87 135 -8 114 113 -89 -114 -122 -79 -153 117 -64 -132 -126 -132 48 75 67 -31 4 76 72 -66 -75 -126 -63 23 -55 38 -117 -127 -122 -135 102 165 142 12 132 -50 126 131 36 -186 66 -1 20 102 -16 199 138 -131 194 65 31 17 68 -74 71 -138 90 6739958.636005891 7097057.803157383 54.91553077427519 0.0 
128 -132 -13 -133 35 -127 69 -109 6 -135 -184 0 -131 107 -104 115 -181 109 100 78 24 -74 78 -45 92 121 11 -140 -58 -80 -39 79 -49 -195 -106 -107 106 79 111 63 13 59 70 106 62 -140 -47 -137 -47 45 -111 -50 -107 -124 103 76 7 10 135 -51 164 118 15 -54 -24 -61 2 119 -23 171 107 -139 191 116 -1 -16 79 -136 141 -143 122 6157061.101736649 1.0679653194914978E7 0.5777879385284093 0.0 
150 -133 -14 -133 109 -139 35 -104 5 -134 -183 -8 -108 147 -103 120 -199 118 97 69 6 -199 66 -45 81 111 11 -139 -49 -145 -50 79 -50 -188 -133 -106 113 81 113 83 44 81 71 105 123 -141 -45 -187 60 -87 -80 -43 -144 -106 103 66 20 -118 72 -180 91 117 15 -57 -23 -98 19 112 -126 154 130 -143 190 118 -5 183 47 -61 175 -142 118 5648963.086625915 2.127448324791397E7 1.0807038635053041 0.0 
142 -133 -15 -132 34 -138 33 -105 3 -134 -183 2 -130 111 -103 119 -199 117 100 72 25 -70 80 -44 80 113 10 -141 -54 -78 -53 78 -50 -187 -106 -107 113 78 116 83 23 81 70 109 69 -140 -45 -169 60 -73 -81 -46 -96 -137 101 76 23 -164 95 -190 92 117 15 -61 -22 -57 5 112 -105 154 130 -143 184 117 -3 183 47 -63 173 -143 120 5919330.070380393 1.4849849826842302E7 4.1398649275185606E-4 0.0 
128 -132 -13 -133 35 -127 71 -109 6 -135 -184 0 -131 107 -104 115 -180 109 100 78 24 -74 75 -45 92 121 11 -140 -58 -80 -39 79 -49 -195 -107 -107 106 79 110 63 13 86 70 106 63 -139 -50 -137 -47 45 -112 -50 -99 -123 103 58 7 10 135 -51 164 118 15 -54 -24 -61 2 119 -23 171 107 -139 191 116 -1 -16 79 -136 131 -143 122 6149238.939315938 1.0746968738760652E7 0.4774597507447789 0.0 
129 -132 -13 -134 35 -134 71 -109 4 -133 -184 0 -131 109 -108 117 -177 110 99 78 20 -74 77 -43 80 114 10 -140 -59 -78 -41 77 -50 -194 -105 -107 111 79 113 83 -12 57 70 109 64 -139 -48 -128 -47 39 -125 -50 -106 -116 102 76 8 10 129 -52 157 117 18 -58 -35 -62 3 119 -21 171 113 -139 187 116 0 -15 77 -136 144 -143 121 6088247.906528966 1.1457981589692082E7 0.11474148451330968 0.0 
150 -133 -12 -133 109 -138 32 -101 5 -134 -183 5 -109 151 -103 119 -199 118 101 72 19 -72 66 -45 80 114 11 -139 -52 -76 -49 79 -49 -188 -132 -106 112 84 114 83 22 81 68 109 67 -141 -46 -165 60 -67 -82 -44 -102 -144 101 66 24 -118 71 -190 92 118 15 -58 -28 -98 19 112 -103 154 130 -143 187 112 -3 183 47 -60 174 -143 118 5729374.291034446 1.8327990988998383E7 25.72061013436514 0.0 
127 -132 -15 -134 35 -132 73 -109 4 -134 -184 1 -131 111 -108 136 -176 111 100 78 21 -73 74 -43 80 114 11 -141 -59 -78 -48 85 -49 -189 -106 -107 112 79 113 80 27 100 70 106 66 -141 -44 -133 -47 34 -115 -49 -107 -127 101 65 5 11 128 -51 161 118 15 -58 -35 -63 3 120 -20 171 108 -139 186 117 0 -16 77 -136 136 -143 120 6048691.939735496 1.2388370382253425E7 0.0074589387515266075 0.0 
133 -125 -8 -131 -13 -133 51 -191 197 -187 -183 13 -108 47 -115 52 -156 65 63 82 30 -87 135 -8 113 113 -89 -114 -122 -79 -153 117 -64 -132 -126 -132 48 76 67 -31 4 76 73 -66 -75 -126 -63 23 -55 38 -117 -127 -122 -135 94 160 142 12 132 -50 126 131 36 -186 67 -1 20 102 -16 199 138 -131 195 65 31 17 68 -74 71 -138 90 6746485.258166891 7086010.519887608 54.856428116456904 0.0 
150 -133 -13 -133 109 -138 35 -103 5 -134 -183 5 -111 103 -103 116 -199 117 100 70 18 -72 66 -44 81 107 11 -139 -48 -76 -52 79 -50 -187 -133 -107 113 84 113 83 33 81 71 109 135 -141 -46 -156 60 -86 -82 -44 -94 -145 102 66 19 -117 72 -190 91 117 15 -58 -29 -98 19 112 -104 154 130 -143 184 117 -4 183 47 -60 176 -143 117 5759376.833180752 1.7723409968329825E7 4.4390716079961484E-4 0.0 
128 -132 -14 -134 35 -134 77 -109 6 -134 -184 0 -131 112 -108 118 -180 118 99 78 22 -73 87 -45 80 114 10 -138 -59 -81 -34 81 -50 -198 -115 -106 101 62 113 61 10 57 70 109 46 -138 -48 -130 -47 45 -111 -50 -106 -123 102 76 8 10 135 -49 160 117 16 -58 -33 -63 3 120 -22 170 108 -139 186 116 0 -16 77 -137 132 -143 121 6136204.77020901 1.0995642460088367E7 0.02856830377749635 0.0 
129 -132 -13 -134 35 -134 71 -109 5 -135 -184 1 -130 109 -108 120 -177 110 97 78 21 -74 77 -43 80 112 10 -139 -59 -78 -41 77 -50 -193 -105 -106 111 79 111 83 -12 46 70 109 64 -139 -48 -128 -47 37 -111 -50 -106 -116 102 76 9 10 142 -42 159 117 18 -58 -34 -62 3 119 -12 171 108 -139 187 116 0 -15 74 -136 140 -143 121 6096934.500459164 1.1456412721354704E7 0.06459714310340338 0.0 
129 -134 -15 -134 35 -133 32 -103 6 -135 -184 1 -128 111 -108 115 -182 109 100 74 22 -74 67 -43 84 115 11 -140 -57 -79 -48 81 -49 -186 -133 -106 111 74 112 83 36 85 70 107 67 -141 -48 -137 -47 35 -116 -50 -108 -133 102 66 7 11 142 -51 161 117 16 -58 -24 -62 3 120 -23 171 108 -138 185 117 -1 -16 79 -136 133 -143 120 6047091.048235548 1.2266355675198749E7 0.25914741232779104 0.0 
129 -132 -15 -134 33 -134 9 -102 6 -133 -183 2 -132 104 -108 119 -198 110 99 77 22 -73 76 -43 80 113 10 -141 -58 -79 -46 85 -49 -187 -134 -100 112 78 113 80 14 86 70 113 64 -141 -45 -152 -47 35 -111 -46 -71 -133 104 58 9 11 130 -47 160 119 16 -53 -27 -63 4 120 -23 171 108 -139 187 116 -1 -16 79 -136 135 -143 120 5969936.627560754 1.3844831998374617E7 0.26210209755233593 0.0 
147 -133 -12 -133 106 -139 34 -102 5 -134 -183 5 -110 151 -103 115 -197 117 101 71 19 -72 66 -45 80 114 11 -139 -48 -141 -52 79 -48 -188 -133 -106 113 84 111 83 22 81 73 110 115 -141 -46 -158 60 -67 -78 -44 -101 -140 104 65 19 -118 84 -189 91 117 15 -58 -23 -104 19 112 -103 154 130 -143 187 113 -5 183 47 -61 177 -143 118 5716430.536221706 1.8926510374607172E7 4.578320801496976E-4 0.0 
129 -132 -14 -134 35 -134 33 -110 6 -133 -184 0 -132 111 -108 118 -182 116 98 78 21 -74 75 -45 81 107 10 -139 -59 -78 -39 77 -49 -195 -107 -107 106 67 111 63 14 87 70 111 36 -140 -50 -143 -43 46 -102 -48 -104 -133 103 60 6 10 141 -47 157 119 14 -57 -24 -62 3 120 -23 171 108 -139 188 117 -1 -17 71 -136 134 -143 122 6068887.268198891 1.1972538828287967E7 0.3510084407003051 0.0 
143 -132 -14 -133 30 -134 41 -107 6 -134 -183 0 -131 112 -108 120 -182 110 102 78 23 -73 87 -43 94 114 11 -138 -111 -77 -150 49 -48 -195 -115 -106 102 68 112 63 -6 60 66 109 63 -139 -48 -130 -47 37 -117 -45 -98 -123 103 75 7 10 135 -44 160 118 16 -56 -24 -62 3 120 -20 172 126 -139 187 116 1 -18 77 -136 135 -143 121 6219903.601736912 1.0241266137334405E7 0.06339768341872411 0.0 
150 -133 -12 -133 106 -138 67 -104 5 -134 -183 6 -109 151 -103 120 -199 118 101 78 19 -72 66 -43 81 113 11 -139 -52 -77 -57 78 -49 -188 -134 -106 112 84 113 84 22 81 71 108 69 -141 -40 -165 60 -68 -76 -44 -102 -139 105 65 28 -118 70 -190 92 118 15 -59 -29 -98 19 112 -103 154 130 -143 188 116 -3 183 47 -60 173 -143 118 5747382.0127205625 1.7915667393950164E7 25.720602214101866 0.0 
144 -132 -12 -133 31 -134 70 -109 5 -135 -183 0 -132 113 -104 138 -182 109 100 78 22 -74 78 -43 94 113 11 -140 -68 -77 -36 81 -50 -196 -106 -107 106 68 111 64 14 59 70 110 63 -139 -47 -130 -47 45 -112 -50 -106 -124 103 76 7 10 135 -49 160 118 16 -56 -24 -62 3 120 -23 172 108 -139 187 116 -2 -16 77 -136 141 -143 121 6119002.098438491 1.118017029913707E7 0.4851007844760873 0.0 
131 -132 -14 -134 35 -126 70 -109 6 -134 -184 1 -131 112 -108 114 -180 111 99 78 23 -74 75 -45 81 113 11 -141 -59 -80 -41 76 -49 -50 -106 -107 106 66 112 63 14 59 70 111 28 -124 -107 -93 -46 39 -111 -50 -102 -130 102 76 19 11 135 -47 160 118 16 -58 -24 -61 3 120 -21 170 108 -141 186 117 -2 -16 77 -136 131 -144 127 6219140.234609116 9897533.412761884 46.09280843608445 0.0 
150 -133 -14 -132 107 -137 34 -101 6 -134 -183 5 -108 148 -103 115 -199 118 98 71 25 -196 78 -45 81 113 11 -139 -49 -81 -44 79 -51 -188 -133 -106 113 84 113 85 22 81 74 107 113 -141 -45 -168 60 -87 -80 -42 -142 -105 101 65 22 -118 71 -190 91 113 16 -58 -28 -97 19 112 -104 154 130 -143 187 117 -3 183 47 -61 173 -143 118 5669812.961792651 2.0763284002505586E7 4.670708753363492E-4 0.0 
142 -133 -15 -133 34 -132 68 -104 4 -134 -183 2 -130 103 -119 119 -199 117 98 70 19 -71 79 -45 81 114 11 -141 -51 -79 -44 82 -50 -194 -107 -106 113 78 112 83 23 81 71 110 66 -141 -41 -166 60 -72 -80 -44 -95 -137 102 66 27 -160 95 -189 93 115 17 -57 -22 -58 6 112 -104 154 130 -143 184 116 -3 150 46 -68 177 -143 117 5858070.506743096 1.559660611807045E7 8.001732904166186 0.0 
129 -132 -13 -134 35 -135 10 -109 4 -133 -184 0 -131 109 -106 147 -182 110 99 70 21 -74 78 -43 93 114 10 -141 -57 -79 -40 77 -49 -194 -105 -106 105 70 111 60 -5 57 70 109 64 -141 -50 -128 -47 37 -115 -49 -105 -123 103 63 9 10 130 -52 161 118 35 -58 -25 -62 2 120 -22 171 107 -139 185 117 0 -15 77 -136 135 -143 120 6119479.058435608 1.1296047212356307E7 0.06411568637885413 0.0 
129 -132 -13 -134 35 -134 35 -110 6 -135 -184 0 -132 111 -108 118 -182 117 98 78 22 -75 75 -45 80 112 10 -139 -55 -78 -39 81 -49 -192 -107 -107 107 79 111 80 14 87 67 111 36 -141 -50 -171 -47 46 -101 -47 -105 -133 103 60 9 10 142 -42 161 119 14 -58 -24 -62 1 120 -23 171 108 -139 188 116 -1 -17 79 -136 132 -142 120 6058469.392654143 1.2050519507983796E7 0.3510139374148526 0.0 
128 -132 -12 -134 31 -134 40 -109 4 -134 -181 0 -131 111 -104 120 -180 112 113 78 23 -74 88 -41 92 115 11 -133 -112 -78 -149 43 -49 -45 -104 -106 92 77 114 61 -6 49 69 88 47 -139 -108 -87 -46 38 -116 -50 -105 -123 103 70 19 11 132 -49 156 119 16 -57 -24 -62 3 79 -29 166 108 -141 186 116 1 17 57 -136 135 -143 121 6408121.80333491 8478526.391335713 0.0034564811472266883 0.0 
152 -133 -13 -132 38 -131 35 -103 5 -134 -183 1 -131 106 -105 119 -197 117 100 71 22 -71 66 -44 81 113 11 -141 -54 -76 -53 79 -49 -188 -108 -105 111 80 114 83 26 81 70 106 66 -141 -41 -170 66 -70 -77 -46 -93 -128 102 66 28 -165 95 -187 91 117 15 -61 -30 -57 6 112 -103 154 129 -144 186 116 -3 149 45 -63 177 -143 117 5858640.656124681 1.5690350742353963E7 7.9808939890160335 0.0 
150 -133 -12 -133 104 -131 34 -104 5 -134 -183 4 -107 100 -103 115 -199 117 100 71 19 -72 66 -45 80 115 11 -139 -56 -78 -52 78 -50 -188 -132 -106 113 78 115 84 23 81 74 109 69 -141 -45 -170 60 -70 -76 -44 -96 -131 103 65 29 -117 95 -191 91 116 15 -58 -24 -52 19 112 -105 152 130 -141 187 117 -2 183 47 -60 174 -142 118 5817100.771229658 1.6609078923294142E7 4.269431048348162E-4 0.0 
130 -132 -15 -133 40 -134 72 -107 6 -134 -184 0 -131 111 -109 116 -180 111 107 74 23 -73 88 -45 83 113 11 -137 -111 -79 -143 45 -48 -191 -105 -105 106 79 113 63 -5 60 71 109 41 -139 -48 -130 -47 39 -116 -40 -98 -118 102 75 -40 10 141 -49 160 118 16 -57 -13 -62 2 121 -21 172 110 -139 172 117 0 -16 77 -136 135 -143 121 6225504.015193217 1.014049676414684E7 0.029893505737246275 0.0 
127 -132 -15 -132 35 -134 2 -103 5 -135 -184 1 -132 112 -108 119 -176 110 99 70 22 -73 75 -45 80 117 11 -140 -58 -81 -39 85 -50 -187 -106 -106 111 79 113 84 -12 86 70 109 37 -141 -48 -128 -47 39 -109 -49 -108 -127 102 65 7 10 129 -51 161 118 15 -56 -27 -63 3 119 -19 171 108 -139 188 120 -1 -15 77 -136 130 -143 120 6026585.392437805 1.2562781903812766E7 0.26043930922773306 0.0 
127 -132 -15 -132 35 -134 73 -103 4 -135 -182 1 -131 111 -108 116 -199 110 100 70 22 -73 76 -43 80 113 11 -140 -58 -78 -48 85 -49 -189 -133 -105 112 79 116 80 36 97 70 107 66 -141 -45 -128 -47 39 -111 -46 -107 -127 101 65 5 10 130 -51 161 117 15 -57 -35 -63 3 120 -19 170 108 -139 187 119 -1 -16 77 -136 144 -143 121 6009773.443065186 1.2921090483876016E7 0.18154111948559354 0.0 
129 -132 -13 -134 35 -134 71 -102 4 -133 -184 0 -131 109 -108 117 -177 110 99 78 21 -73 77 -45 80 114 10 -140 -59 -81 -41 77 -50 -194 -105 -107 110 66 113 79 -12 57 70 109 38 -136 -48 -128 -47 39 -125 -50 -106 -115 102 75 8 10 129 -52 157 117 15 -56 -27 -62 3 119 -19 170 113 -139 188 116 0 -15 77 -136 144 -143 121 6109343.711878286 1.1370260455461666E7 0.11431714519222315 0.0 
130 -132 -13 -133 35 -134 71 -111 6 -133 -183 0 -131 113 -108 113 -180 118 114 74 23 -73 88 -45 80 114 11 -133 -111 -81 -146 43 -53 -45 -105 -105 106 79 113 61 -5 56 67 107 62 -139 -47 -129 -47 39 -116 -46 -94 -122 102 75 -40 10 142 -46 156 118 16 -57 -33 -62 2 120 -21 172 108 -139 186 117 0 -17 77 -136 135 -143 121 6241420.824244851 9866728.609317135 0.028737746151463392 0.0 
131 -132 -12 -133 35 -146 79 -110 9 -135 -185 0 -132 114 -108 113 -175 116 99 78 23 -74 78 -45 81 113 11 -136 -59 -80 -37 65 -48 -42 -106 -107 106 66 112 63 14 59 70 111 30 -125 -105 -96 -46 44 -115 -49 -102 -129 102 76 19 11 135 -44 158 118 16 -56 -24 -62 1 120 -21 170 108 -139 185 117 -2 -16 77 -136 132 -144 128 6219182.391102374 9970891.727130057 45.33599644834595 0.0 
152 -133 -14 -132 36 -131 35 -103 5 -134 -183 1 -130 112 -105 121 -199 117 100 69 18 -72 65 -44 81 114 12 -139 -45 -78 -52 79 -49 -187 -131 -105 111 78 113 84 32 81 70 109 69 -141 -41 -185 60 -69 -82 -44 -93 -139 103 66 23 -165 94 -187 91 117 17 -57 -21 -54 5 112 -103 154 130 -143 187 116 -3 182 47 -63 175 -142 118 5826463.125131275 1.6318638661651604E7 4.3146309774127654E-4 0.0 
150 -133 -12 -133 107 -138 35 -103 5 -134 -183 5 -109 151 -103 116 -198 118 101 70 19 -72 66 -45 77 111 11 -139 -51 -75 -52 79 -50 -188 -133 -106 113 84 113 83 26 81 70 94 148 -140 -46 -154 60 -88 -78 -43 -96 -145 104 66 24 -118 71 -189 91 115 15 -58 -29 -102 19 112 -120 153 130 -143 184 117 -3 183 47 -60 176 -142 118 5709323.592060656 1.8864098187783275E7 1.277251285560211 0.0 
144 -132 -14 -133 31 -134 73 -107 6 -134 -179 0 -131 112 -108 120 -182 110 102 78 23 -74 87 -43 91 114 11 -137 -111 -77 -150 49 -49 -195 -115 -106 102 76 112 62 -6 60 71 109 63 -139 -45 -130 -47 39 -117 -40 -106 -117 103 75 7 10 135 -44 160 118 15 -57 -24 -62 2 119 -20 172 110 -139 187 117 0 -18 77 -136 135 -143 121 6224701.228067925 1.0085706150613375E7 0.1763960677290243 0.0 
130 -132 -13 -133 33 -134 73 -109 6 -135 -183 0 -132 111 -107 121 -182 109 99 78 23 -73 73 -45 81 114 11 -140 -55 -79 -39 81 -50 -192 -114 -107 107 79 111 80 -5 86 71 111 66 -141 -51 -129 -47 37 -101 -51 -105 -133 103 57 9 10 136 -49 157 119 14 -58 -24 -62 2 120 -23 171 108 -140 185 116 0 -15 77 -136 139 -142 120 6068576.069836934 1.2019841430187047E7 0.02879252291912262 0.0 
128 -132 -14 -134 30 -134 73 -109 9 -134 -183 0 -131 105 -108 117 -176 110 98 78 23 -74 73 -43 87 112 11 -141 -58 -79 -40 85 -48 -197 -106 -105 112 78 111 61 -6 58 70 106 64 -139 -103 -128 -47 44 -117 -58 -102 -129 103 65 8 11 135 -52 156 118 13 -58 -24 -62 3 119 -21 171 108 -139 186 117 0 -15 77 -136 132 -143 120 6158424.002141752 1.0719624496066814E7 0.06393388905627224 0.0 
89 -132 -13 -133 31 -126 79 -109 9 -135 -192 0 -131 114 -108 113 -181 109 114 78 23 -75 89 -43 80 114 11 -137 -59 -81 -37 67 -49 -52 -106 -107 99 66 112 63 15 50 67 104 29 -140 -105 -96 -47 44 -112 -51 -102 -137 103 76 18 11 135 -46 161 118 15 -55 -24 -61 1 120 -21 173 108 -139 186 117 -1 -15 78 -136 134 -143 122 6228310.135641741 9864136.424994906 0.4699184096693646 0.0 
150 -133 -14 -133 29 -138 34 -103 5 -134 -183 2 -127 105 -105 119 -197 117 101 72 18 -70 65 -45 81 114 11 -139 -48 -78 -49 79 -50 -188 -131 -106 111 84 111 83 32 81 70 106 71 -141 -45 -166 60 -86 -77 -44 -96 -148 102 66 23 -116 71 -189 92 115 15 -57 -23 -98 19 112 -106 154 130 -143 184 113 -3 185 47 -61 175 -142 118 5778783.638729685 1.738046205887105E7 4.453070353767638E-4 0.0 
127 -132 -15 -134 35 -134 9 -102 9 -134 -185 1 -131 112 -108 135 -198 111 98 78 22 -73 74 -45 80 113 11 -141 -58 -78 -46 80 -49 -187 -133 -106 101 66 113 80 15 81 70 109 64 -141 -45 -146 -47 33 -111 -46 -102 -133 101 75 8 10 134 -52 161 117 16 -53 -33 -62 2 120 -23 144 108 -139 187 120 0 -16 77 -136 136 -143 121 6039778.494521051 1.251877435016085E7 0.06469871346591399 0.0 
150 -132 -14 -132 34 -138 32 -103 5 -134 -184 2 -130 111 -103 119 -197 111 100 69 25 -71 65 -44 81 114 11 -139 -57 -76 -45 78 -50 -188 -132 -105 111 78 113 83 32 81 71 108 69 -141 -40 -170 60 -73 -82 -44 -100 -142 101 66 23 -163 95 -190 91 115 17 -57 -21 -99 19 112 -106 154 129 -134 184 117 -2 185 47 -63 175 -142 118 5795462.5005737785 1.7048820029609714E7 4.3161131935507395E-4 0.0 
143 -132 -14 -133 31 -134 73 -107 6 -134 -179 0 -131 110 -108 120 -182 110 102 78 23 -74 87 -43 91 114 11 -137 -111 -77 -150 49 -49 -195 -115 -106 102 65 112 62 -6 60 66 109 63 -139 -48 -130 -47 39 -117 -40 -106 -139 103 75 8 10 134 -44 160 118 16 -57 -24 -62 2 119 -20 172 110 -139 186 117 0 -18 77 -136 135 -143 121 6233766.9908157475 9987568.539667975 0.3458242704423008 0.0 
127 -132 -15 -134 35 -134 73 -109 4 -134 -184 2 -131 111 -108 136 -176 111 100 78 21 -74 74 -43 80 113 11 -141 -58 -78 -48 85 -49 -188 -134 -107 112 66 112 80 27 100 70 106 66 -141 -44 -129 -47 37 -112 -50 -107 -127 101 64 5 11 128 -51 161 119 15 -58 -35 -63 4 120 -18 171 108 -139 186 117 0 -16 77 -136 136 -142 121 6016989.149732772 1.2874437833943216E7 0.0074990472396313755 0.0 
125 -132 -12 -133 35 -127 51 -113 5 -133 -184 0 -132 110 -108 119 -182 110 99 78 22 -74 75 -40 80 108 11 -138 -59 -80 -37 85 -48 -42 -106 -107 106 66 112 63 15 87 68 109 32 -125 -106 -96 -47 44 -116 -56 -101 -129 102 76 19 11 135 -44 158 118 15 -56 -24 -62 1 118 -21 170 108 -139 185 117 -2 -16 77 -136 132 -144 128 6218918.8390244115 1.0064728333991192E7 0.4687747972189154 0.0 
122 -132 -14 -133 30 -134 41 -107 1 -134 -183 0 -131 112 -108 120 -180 110 101 78 23 -73 87 -43 95 114 11 -138 -111 -77 -150 50 -48 -195 -115 -106 102 66 112 63 -6 60 66 109 63 -139 -48 -131 -47 37 -117 -50 -98 -123 103 75 7 10 128 -44 162 118 16 -56 -24 -62 3 120 -20 172 109 -139 186 116 1 -18 77 -136 135 -143 121 6237697.065990137 1.0014432491073558E7 0.06316986500854897 0.0 
125 -132 -14 -134 35 -132 70 -107 11 -135 -183 0 -131 109 -108 116 -180 105 99 78 23 -73 80 -43 80 122 10 -138 -60 -78 -37 77 -53 -194 -106 -106 111 71 109 60 -5 57 70 114 62 -139 -48 -129 -47 37 -115 -49 -106 -122 103 75 9 10 142 -46 157 118 15 -58 -25 -63 3 120 -23 171 109 -139 185 117 -1 -17 77 -136 144 -143 121 6129753.59479685 1.0999525170621196E7 0.2571931504469159 0.0 
130 -133 -15 -132 33 -135 8 -103 6 -133 -183 1 -131 104 -111 115 -186 111 99 70 23 -74 75 -43 79 114 11 -140 -58 -77 -48 79 -50 -189 -132 -107 111 80 113 83 34 81 69 107 38 -139 -45 -132 -47 39 -115 -75 -107 -123 102 65 7 10 138 -52 159 119 16 -58 -25 -71 1 120 -19 171 109 -139 185 119 -2 -16 76 -136 134 -143 121 5966989.963221609 1.3913330082637697E7 4.0077889936959374E-4 0.0 
128 -132 -12 -133 35 -134 65 -109 9 -134 -183 0 -128 111 -107 116 -182 116 98 78 22 -73 76 -43 79 121 11 -141 -54 -78 -40 76 -53 -187 -106 -107 112 78 112 64 16 80 72 110 63 -139 -47 -136 -47 44 -112 -50 -105 -124 104 64 8 10 135 -43 158 118 15 -58 -25 -61 1 120 -23 172 108 -139 185 116 -2 -16 78 -136 140 -143 115 6096150.947029634 1.1374370408613E7 0.8161663691707307 0.0 
142 -133 -13 -132 32 -132 68 -104 5 -134 -184 1 -131 107 -105 120 -199 118 99 72 19 -72 66 -44 81 113 12 -141 -55 -80 -53 78 -50 -187 -106 -106 113 78 113 83 33 81 70 105 69 -141 -38 -170 60 -72 -96 -45 -93 -139 105 95 23 -160 95 -191 91 116 15 -59 -23 -54 5 112 -105 154 130 -143 184 116 -3 182 47 -63 176 -142 118 5908274.375941341 1.5011824383908326E7 4.223535416461613E-4 0.0 
133 -125 -9 -131 -14 -133 53 -191 199 -175 -174 14 -108 56 -115 52 -157 63 62 84 30 -85 135 -8 114 112 -92 -111 -122 -79 -153 117 -64 -133 -125 -131 50 73 67 -31 0 76 85 -75 -75 -125 -69 23 -55 34 -116 -127 -109 -134 103 160 138 12 136 -50 131 128 30 -91 66 -1 21 105 -15 196 137 -130 190 65 32 19 68 -84 71 -139 76 6727696.424689152 7275154.039965095 2.890221475209118E-4 0.0 
#
