#
#   Running algorithm eNSGAII on 10000000 nfe, with population size of 50.0, with epsilon values [10000.0, 100000.0, 0.1, 0.00001], with pm set to 0.02, 20.0, with injection rate of 0.25, with sbx set to 1.0, 15.0, with 81 controls varying between -199.0 and 199.0 for cell (6,6).
100 -60 93 -99 -125 56 -135 83 -5 -134 -40 39 -83 -103 115 -110 39 85 120 36 21 8 -122 -3 -61 -116 -110 -132 -95 -105 76 -27 -6 41 98 38 -133 -73 -57 124 182 -109 -52 -6 -28 -127 -102 -123 175 42 -49 46 75 5 42 18 113 185 32 -22 109 -18 -34 -139 -11 143 41 -40 -48 88 115 88 142 16 68 -55 -85 -81 -36 105 -109 7282163.50256901 5486504.923086921 1.770333343459384E-4 0.0 
65 -56 96 -105 -124 47 -135 93 -34 -55 -141 51 54 -195 54 -194 70 96 63 33 -22 21 -99 17 -85 -174 -132 -136 -137 -154 30 -186 26 42 81 80 45 14 -45 -161 67 -108 -61 -30 -42 -137 -96 -181 145 16 139 156 99 79 100 21 29 143 12 154 21 -60 -44 -37 132 5 167 -106 164 -67 36 75 84 194 72 192 -44 106 -137 76 -47 5649181.25987029 1.832033123431902E7 4.287503903516444E-4 0.0 
65 -56 96 -105 -133 35 -136 96 -34 -55 -148 51 53 -146 54 -76 71 96 66 32 -18 20 -99 17 -80 -182 -134 -132 -127 -154 29 -193 28 44 81 79 98 28 -27 -162 66 -109 -56 -30 -44 -137 -95 -172 109 13 139 156 103 79 100 21 32 143 12 130 21 -61 -44 -35 135 5 166 -111 164 -66 36 76 85 193 66 197 -198 88 -140 76 -47 5998446.810486367 1.208148449934851E7 267.72014356433533 0.0 
67 -56 86 -109 -136 34 -134 91 -34 -55 -143 50 -103 -145 53 -79 9 95 62 32 -20 24 -97 21 -75 -97 -135 -132 -124 -172 50 -125 26 45 77 78 -87 -89 -91 -140 137 -108 -51 -31 -42 -139 -122 -160 146 11 168 141 101 79 92 117 43 178 20 147 40 -36 -44 -135 134 33 165 -107 171 -52 51 76 65 194 48 120 -197 65 -116 74 -50 6537324.24588628 7591004.473476555 107.23916311894111 0.0 
67 -56 85 -108 -136 37 -136 91 -34 -55 -123 51 -98 -145 53 -81 9 96 65 26 -27 22 -97 22 -76 -93 -132 -132 -123 -172 50 -125 25 45 80 78 -137 -83 -91 -140 142 -108 -51 -31 8 -139 -118 -161 142 34 167 141 102 78 86 118 43 161 21 142 41 -36 -44 -135 132 35 162 -108 171 -47 53 76 65 193 47 120 -187 71 -116 75 -48 6638848.524210426 7272619.130348082 2.9282873072599303E-4 0.0 
67 -56 96 -105 -133 35 -135 96 -34 -55 -147 51 51 -146 56 -77 72 96 67 33 -21 20 -106 18 -88 -180 -132 -135 -140 -154 29 -189 28 44 82 80 45 13 -45 -164 55 -105 -61 -31 -42 -137 -95 -174 145 14 139 156 99 79 100 24 32 141 12 155 21 -61 -44 -37 134 6 166 -109 157 -67 36 75 84 194 73 190 -177 88 -137 74 -47 5828849.107654266 1.4495976885675224E7 245.4505144408605 0.0 
66 -56 95 -105 -132 35 -145 93 -34 -55 -145 52 50 -147 51 -76 13 94 66 31 -22 21 -98 17 -79 -94 -132 -132 -126 -153 29 -184 22 43 81 79 103 29 -29 -161 66 -111 -58 -31 -42 -139 -96 -138 108 16 141 157 104 79 99 24 41 143 12 130 21 -36 -44 -36 133 5 165 -109 160 -66 36 75 84 194 66 186 -183 74 -137 74 -47 6119583.436370349 1.0787056465129692E7 215.62457827059458 0.0 
65 -56 96 -104 -133 36 -145 93 -34 -55 -141 52 56 -146 58 -76 14 96 67 31 -20 20 -91 17 -80 -97 -132 -132 -135 -155 29 -188 20 44 81 80 99 28 -28 -161 66 -116 -62 -30 -45 -137 -96 -139 108 17 139 157 99 79 102 20 41 138 12 130 21 -60 -44 -37 135 5 165 -111 156 -66 36 76 84 193 66 129 -178 89 -137 74 -47 6129360.345482031 1.0681209808310125E7 30.596884471560752 0.0 
95 -34 79 -178 -194 37 -135 82 -46 -30 -104 54 -131 -162 51 -74 40 84 92 38 -9 -12 -111 21 -71 -82 -140 -129 -126 -116 -119 -158 20 42 96 78 -128 -57 -56 129 157 -109 -57 -31 -38 -126 -122 -120 152 18 167 62 134 116 31 2 77 195 13 5 129 2 -10 -139 141 31 192 -26 -6 127 116 111 72 183 57 126 -134 -106 -126 78 -108 6792711.386587633 7002520.154867015 3.003406478554105E-4 0.0 
94 -34 79 -178 -194 37 -135 82 -46 -30 -104 40 -111 -162 51 -74 41 83 92 34 -9 -13 -111 23 -69 -82 -119 -128 -126 -114 -119 -158 20 41 90 79 -130 -57 -56 129 154 -109 -53 -30 10 -128 -125 -120 151 18 167 62 134 120 -70 1 86 194 12 5 133 2 -12 -138 141 17 197 -26 -5 127 116 110 72 198 65 126 -134 -106 -126 68 -108 6966707.973753204 6482099.759590432 3.0349741158646506E-4 0.0 
67 -56 94 -108 -137 33 -135 91 -35 -55 -144 51 51 -144 53 -81 9 95 65 27 -20 21 -100 21 -76 -98 -135 -133 -124 -176 39 -148 27 44 68 79 96 97 -88 -141 78 -109 -55 -31 -42 -140 -121 -147 145 19 167 149 97 79 86 117 40 159 21 147 16 -34 -44 -134 134 32 164 -102 172 -82 53 76 65 194 64 122 -194 71 -118 74 -48 6188765.319162443 1.0089447655420965E7 91.53853899476212 0.0 
65 -56 96 -105 -133 36 -136 91 -34 -55 -139 52 55 -146 56 -73 14 96 67 33 -20 20 -91 18 -80 -91 -133 -132 -135 -155 29 -188 27 43 81 80 99 28 -27 -162 66 -116 -62 -31 -45 -137 -96 -139 108 16 139 156 100 79 102 20 41 138 12 129 21 -60 -44 -37 135 5 165 -111 159 -66 36 76 83 193 66 133 -178 89 -138 74 -47 6088763.453088803 1.1091542291199291E7 60.415770092204795 0.0 
95 -34 78 -178 -194 30 -135 82 -48 -30 -104 40 -111 -162 51 -74 39 79 92 34 -9 -13 -111 22 -74 -82 -115 -128 -124 -120 -119 -158 17 41 90 79 -130 -90 -56 129 155 -109 -53 -31 -38 -125 -123 -122 152 18 167 62 134 81 -66 2 84 194 12 4 127 25 32 -138 141 17 198 -26 -6 122 119 87 72 199 67 124 -134 -106 -126 82 -108 7048437.914590204 6377457.858801078 2.8908966187162665E-4 0.0 
65 -56 96 -105 -124 47 -135 93 -34 -55 -141 51 50 -195 54 -193 64 96 67 33 -22 21 -98 8 -85 -174 -132 -136 -137 -154 30 -186 26 42 81 80 46 14 -45 -161 58 -108 -62 -31 -42 -137 -96 -181 145 14 139 156 99 79 100 21 33 143 12 154 21 -60 -44 -37 134 6 166 -109 164 -67 36 75 84 194 72 192 -44 105 -137 76 -47 5659540.878996254 1.792883929277688E7 4.260493126069378E-4 0.0 
101 -75 93 -99 -125 37 -135 124 -18 -135 -40 38 -83 -103 116 -111 39 85 94 58 21 8 -122 38 -61 -116 -109 -132 -125 -104 76 -27 -6 41 91 38 -104 -78 -57 124 180 -109 -52 -31 -28 -127 -125 -123 175 42 -49 46 81 11 41 93 106 184 33 -23 112 -39 -35 -139 -11 144 41 -40 -48 88 115 88 145 15 68 -55 -85 -85 -10 105 -109 7099881.684649628 6128480.367136759 1.7906274709780307E-4 0.0 
95 -34 79 -178 -194 37 -135 82 -46 -30 -104 54 -131 -162 51 -75 39 84 92 38 -9 -12 -111 21 -71 -82 -141 -129 -126 -116 -119 -158 20 40 96 78 -130 -57 -56 129 154 -109 -57 -31 -38 -128 -122 -120 152 18 165 62 134 116 39 2 77 194 13 5 129 2 -11 -138 141 33 192 -26 -5 127 116 111 72 198 57 129 -134 -106 -126 81 -108 6818000.527362822 6889686.930931675 2.9991077011160466E-4 0.0 
65 -56 96 -105 -125 118 -139 96 -34 -55 -145 52 54 -194 54 -72 71 96 66 33 -20 21 -99 17 -79 -175 -133 -136 -136 -154 31 -183 26 43 82 79 46 13 -45 -161 65 -108 -61 -30 -42 -137 -96 -182 145 16 139 156 103 79 99 22 32 141 12 154 21 -61 -44 -37 134 5 166 -107 163 -67 36 75 83 194 75 129 -178 86 -137 76 -47 5709606.436728666 1.6805802677075118E7 4.3818862103676433E-4 0.0 
94 -73 93 -99 -125 35 -135 125 -5 -135 -40 50 -83 -103 116 -111 38 85 96 35 21 8 -121 38 -61 -116 -110 -132 -125 -104 75 -27 -4 41 98 32 -131 -78 -57 124 191 -109 -52 -5 -28 -127 -102 -123 175 42 -46 46 75 12 31 92 106 185 33 -23 112 -19 -34 -139 -11 94 41 -40 -47 88 115 88 142 15 68 -55 -84 -81 -33 106 -109 7166757.579750995 5749627.96130378 1.827089592903606E-4 0.0 
95 -34 79 -178 -194 37 -135 82 -46 -33 -104 39 -103 -162 51 -74 41 83 92 38 -9 -12 -111 21 -71 -82 -115 -128 -126 -114 -119 -158 20 40 96 79 -130 -57 -56 129 155 -107 -53 -30 -38 -128 -122 -120 151 18 165 62 134 116 -70 1 86 194 12 5 133 1 -12 -138 141 17 197 -26 -5 127 116 114 72 199 65 129 -134 -106 -126 68 -108 6941495.892809059 6576110.991866813 2.944856834594813E-4 0.0 
93 -76 95 -99 -125 35 -135 125 -5 -135 -40 38 -83 -103 116 -111 39 85 100 54 21 8 -120 38 -61 -116 -109 -132 -123 -105 75 -27 -6 41 98 39 -133 -79 -57 124 182 -109 -56 -7 -28 -127 -101 -123 175 42 -46 46 81 9 41 93 106 184 33 -23 109 -18 -34 -139 -11 153 41 -40 -48 88 115 88 144 15 68 -55 -85 -81 -33 105 -109 7189222.117748246 5692904.1688719615 1.8191547083078107E-4 0.0 
93 -76 93 -99 -125 55 -140 125 -5 -134 -40 51 -83 -103 115 -111 39 84 96 58 21 8 -121 38 -62 -116 -108 -132 -125 -104 69 -27 -6 41 98 38 -104 -74 -57 124 186 -109 -57 -30 -28 -127 -101 -123 175 42 -49 46 81 12 41 92 106 181 33 -24 112 -18 -34 -139 -11 144 41 -40 -48 88 115 88 145 16 68 -56 -85 -83 -33 105 -109 7070075.899488012 6281302.865723589 1.8559578587335317E-4 0.0 
67 -56 86 -108 -136 35 -134 92 -35 -55 -142 51 50 -144 53 -80 9 95 65 33 -20 22 -100 21 -75 -94 -135 -133 -124 -172 36 -150 27 45 78 79 -72 -85 -88 -141 96 -109 -51 -31 -42 -136 -122 -163 145 17 167 149 98 79 86 117 44 159 21 147 17 -34 -44 -136 134 32 163 -102 171 -79 53 77 65 194 64 122 -194 71 -118 74 -48 6334766.342882694 8794827.485560823 151.706994179243 0.0 
95 -34 78 -178 -194 37 -135 82 -46 -33 -104 54 -129 -162 51 -74 18 83 92 38 -9 -12 -111 23 -71 -83 -115 -128 -126 -114 -119 -158 20 40 90 78 -130 -57 -56 129 155 -109 -57 -24 -38 -128 -122 -120 151 18 167 62 134 116 -69 1 75 194 13 5 129 1 -12 -139 141 18 197 -26 -5 127 116 114 72 198 65 135 -134 -106 -126 67 -108 6898924.68872532 6670119.53907769 2.972519606331521E-4 0.0 
66 -56 96 -105 -133 37 -138 97 -34 -55 -147 52 54 -145 56 -75 63 96 66 33 -22 21 -100 18 -79 -180 -133 -135 -136 -154 30 -184 26 44 81 80 47 12 -45 -161 67 -119 -61 -33 -42 -137 -96 -174 110 17 139 157 101 79 99 23 30 140 12 131 21 -59 -44 -36 134 5 164 -106 159 -67 36 76 85 195 64 182 -176 87 -137 76 -47 5948995.076411554 1.2742985613010878E7 182.69116846714385 0.0 
65 -56 96 -105 -124 35 -136 91 -34 -55 -147 51 54 -195 56 -76 72 96 67 33 -20 21 -98 17 -79 -180 -134 -136 -136 -154 29 -151 22 44 82 80 46 14 -45 -161 68 -108 -61 -30 -42 -137 -96 -183 145 17 139 156 104 79 99 22 42 141 12 130 21 -61 -44 -36 132 5 166 -107 160 -66 36 75 83 193 65 196 -54 106 -137 76 -47 5689784.707738469 1.7259726059640106E7 4.088981503779134E-4 0.0 
95 -34 79 -178 -194 37 -135 82 -46 -30 -104 54 -131 -162 51 -74 40 84 92 39 -9 -12 -111 21 -71 -82 -140 -129 -126 -116 -119 -158 20 42 96 78 -130 -57 -56 129 154 -109 -53 -31 -38 -127 -122 -120 152 18 167 62 134 116 -71 2 77 195 13 5 129 2 -10 -139 141 31 192 -26 -6 127 116 111 72 182 57 126 -134 -106 -126 77 -108 6874040.1532323025 6730492.165541673 2.9679746240527933E-4 0.0 
101 -73 93 -99 -125 56 -135 126 -5 -134 -40 39 -83 -103 115 -111 39 85 120 35 21 8 -122 -2 -62 -116 -109 -132 -105 -105 76 -27 -6 41 98 38 -131 -73 -57 124 182 -109 -52 -5 -28 -127 -105 -123 175 42 -49 46 75 11 42 94 106 185 32 -23 112 -18 -34 -139 -11 143 41 -40 -48 88 115 88 145 16 68 -55 -85 -81 -36 105 -109 7226436.11715117 5575468.82364277 1.7972756369116056E-4 0.0 
67 -56 95 -108 -136 35 -135 91 -35 -55 -146 48 51 -144 53 -81 9 95 65 27 -20 22 -100 22 -73 -98 -135 -132 -124 -172 39 -149 26 47 78 78 93 101 -89 -147 94 -108 -51 -31 -43 -137 -122 -144 145 17 166 142 97 79 85 117 40 161 20 147 41 -38 -44 -134 134 36 164 -103 171 -79 53 76 67 194 18 121 -186 71 -127 74 -48 6229734.276377359 9766183.852302238 83.95491533754894 0.0 
67 -56 94 -108 -136 33 -135 92 -35 -55 -144 51 51 -144 53 -80 9 95 65 27 -21 22 -100 21 -76 -98 -130 -132 -124 -170 40 -150 26 45 79 79 96 107 -88 -141 80 -108 -55 -31 -42 -140 -121 -144 145 19 164 149 97 79 86 118 44 159 21 147 16 -35 -44 -134 134 36 165 -102 171 -82 53 76 65 194 64 122 -195 69 -118 74 -47 6219445.929700239 9769639.172716958 90.21397467143339 0.0 
101 -76 93 -99 -125 34 -135 107 -18 -135 -40 38 -83 -103 116 -110 39 85 92 58 21 8 -122 38 -61 -116 -108 -132 -123 -104 76 -27 -6 41 91 38 -104 -78 -57 124 181 -109 -52 -31 -28 -127 -126 -123 175 42 -47 46 81 11 41 93 106 184 32 -23 112 -39 -35 -139 -11 144 41 -40 -48 88 115 88 144 15 68 -55 -85 -85 -36 105 -109 7115505.871586485 6029033.294982813 1.7890714453816492E-4 0.0 
100 -73 93 -99 -125 35 -135 125 -5 -135 -40 50 -83 -103 115 -111 38 85 96 35 21 8 -121 36 -61 -116 -110 -132 -125 -104 75 -27 -4 41 98 39 -104 -78 -57 124 191 -109 -52 -5 -28 -127 -102 -123 175 42 -46 46 75 12 31 92 106 185 33 -23 112 -19 -34 -139 -11 144 41 -40 -47 88 115 88 142 15 68 -55 -85 -81 -33 106 -109 7140838.813654787 5869043.616486967 1.8098459440953605E-4 0.0 
65 -56 97 -105 -126 37 -136 97 -34 -55 -147 51 55 -194 56 -78 71 96 66 33 -21 21 -99 17 -79 -174 -133 -136 -137 -154 28 -189 22 43 78 80 46 12 -45 -163 67 -108 -62 -30 -42 -137 -96 -180 145 16 139 162 104 79 99 21 39 143 12 154 22 -61 -44 -36 134 5 165 -109 157 -66 36 75 85 193 72 192 -55 103 -139 76 -47 5679047.584502905 1.7484691906186845E7 4.2379279245538553E-4 0.0 
65 -56 96 -105 -125 117 -138 96 -34 -55 -145 52 53 -193 53 -72 71 96 66 33 -21 21 -110 17 -79 -171 -132 -136 -136 -154 31 -156 26 41 82 79 46 12 -45 -165 67 -108 -62 -30 -42 -137 -96 -181 145 17 139 156 104 79 99 22 39 141 12 154 21 -61 -44 -37 132 5 162 -107 165 -67 36 75 84 194 72 196 -178 88 -138 74 -47 5687988.831499428 1.7072096056426033E7 136.0242252029452 0.0 
95 -34 79 -178 -194 37 -135 82 -46 -30 -104 54 -131 -162 51 -74 40 84 92 38 -9 -12 -111 21 -71 -82 -140 -129 -126 -116 -119 -158 20 41 96 78 -130 -57 -56 129 154 -109 -53 -31 -38 -128 -122 -120 152 18 167 62 134 116 39 2 77 195 13 5 129 2 -10 -139 141 31 192 -26 -6 127 116 111 72 183 57 126 -134 -106 -126 78 -108 6804319.225290783 6920431.847044862 3.00247249738889E-4 0.0 
65 -56 96 -105 -125 117 -138 96 -34 -55 -145 52 53 -193 53 -72 71 96 66 33 -21 21 -110 17 -79 -175 -132 -136 -136 -154 31 -156 26 41 82 79 46 12 -45 -165 67 -108 -62 -30 -42 -137 -96 -181 145 17 139 156 104 79 99 22 39 141 12 154 21 -61 -44 -37 132 5 162 -107 154 -67 36 75 84 194 72 196 -178 88 -138 74 -47 5675516.334951892 1.7096291368315455E7 204.85840098950322 0.0 
68 -56 95 -107 -136 35 -134 92 -35 -55 -144 53 58 -144 53 -81 9 95 66 33 -20 23 -97 21 -73 -102 -132 -132 -124 -176 39 -149 27 47 80 78 -87 -89 -89 -148 97 -108 -43 -31 -44 -137 -123 -163 145 19 143 138 104 78 85 117 44 162 21 147 40 -36 -44 -135 134 35 162 -102 171 -82 53 77 65 194 20 122 -187 71 -116 74 -48 6397134.59839359 8365718.191403623 70.48921435693963 0.0 
100 -76 93 -99 -125 41 -137 125 -5 -135 -40 38 -83 -103 116 -114 48 84 96 54 21 8 -121 38 -62 -116 -108 -132 -123 -104 76 -31 -6 41 82 32 -131 -78 -57 124 186 -109 -52 -32 -28 -127 -101 -123 175 42 -50 46 81 11 41 88 106 184 33 -24 112 -19 -34 -139 -11 92 41 -43 -48 88 115 88 145 16 68 -55 -85 -81 -34 105 -109 7126879.611969955 5955869.2405621875 1.8157653151385157E-4 0.0 
65 -56 97 -105 -124 47 -135 93 -34 -55 -147 51 54 -195 54 -194 71 96 66 33 -22 21 -99 18 -85 -175 -134 -135 -136 -154 31 -187 23 42 82 80 45 14 -45 -161 67 -108 -61 -30 -42 -137 -96 -181 145 17 139 156 104 79 99 26 33 141 12 154 21 -61 -44 -37 132 5 165 -109 164 -66 36 76 84 194 71 196 -47 106 -137 74 -47 5669270.883474725 1.7738215941893596E7 4.250673932732622E-4 0.0 
65 -56 97 -105 -125 101 -135 96 -34 -55 -147 51 53 -197 53 -75 71 96 66 33 -21 21 -110 17 -83 -182 -132 -136 -135 -154 31 -185 26 42 82 80 46 12 -46 -161 67 -108 -62 -30 -42 -137 -95 -174 146 17 139 156 101 79 99 23 29 141 12 154 21 -61 -44 -37 131 5 162 -109 154 -67 37 75 84 194 72 192 -177 88 -138 74 -47 5739237.988754131 1.6164649256686773E7 198.05807351089655 0.0 
65 -56 96 -104 -133 35 -136 91 -34 -55 -147 52 56 -146 58 -76 14 96 67 31 -20 20 -91 18 -80 -97 -134 -132 -135 -155 29 -188 20 44 81 79 98 28 -28 -162 66 -116 -62 -30 -45 -137 -96 -139 108 17 139 157 100 79 102 20 41 138 12 129 21 -60 -47 -37 134 5 165 -111 156 -66 36 76 85 193 66 128 -178 89 -138 74 -47 6109116.88810544 1.0870469688447088E7 30.301162539178247 0.0 
65 -56 97 -105 -133 35 -138 91 -34 -55 -147 52 54 -144 54 -78 63 96 63 33 -22 21 -100 17 -80 -174 -133 -136 -137 -154 30 -184 28 44 81 79 47 12 -45 -161 53 -108 -61 -30 -42 -138 -96 -179 145 16 139 157 99 79 100 22 29 143 12 154 21 -60 -44 -37 131 5 151 -109 150 -65 36 75 84 194 67 187 -193 88 -138 76 -47 5819983.031939052 1.4786274523373704E7 140.62550977759227 0.0 
67 -56 65 -108 -136 34 -135 91 -35 -55 -120 51 -99 -144 51 -80 10 96 65 33 -20 22 -97 21 -76 -94 -132 -132 -124 -172 40 -150 25 47 82 78 -87 -90 -91 -141 147 -109 -55 -30 -44 -136 -123 -163 145 19 167 139 101 78 85 117 44 162 21 147 40 -35 -44 -135 132 35 162 -102 171 -79 53 77 65 193 24 122 -187 71 -117 74 -48 6479865.682982475 7861390.380854999 79.80576552563092 0.0 
68 -56 86 -108 -136 34 -134 91 -35 -55 -143 51 -103 -145 53 -79 9 95 63 33 -22 24 -97 21 -77 -102 -135 -132 -124 -172 49 -124 26 45 82 78 -87 -89 -88 -139 146 -108 -51 -31 -42 -139 -122 -159 145 11 168 139 104 79 92 117 43 178 20 147 40 -36 -44 -121 134 33 165 -107 171 -52 42 76 65 194 48 120 -197 65 -117 74 -50 6559631.9423653735 7562021.363626774 76.42653300460924 0.0 
67 -56 94 -107 -136 35 -134 91 -34 -55 -145 47 51 -144 53 -80 9 95 65 33 -20 23 -97 22 -76 -93 -132 -132 -124 -176 37 -149 27 47 79 78 -87 -90 -92 -147 130 -108 -44 -31 -44 -136 -122 -164 145 16 168 191 104 79 86 117 44 159 22 147 43 -38 -44 -136 159 4 162 -108 171 -81 53 77 67 194 21 122 -187 71 -127 74 -48 6308902.301134412 9194696.77703449 3.112217251116203E-4 0.0 
67 -56 86 -108 -136 34 -136 91 -35 -55 -143 53 -103 -144 53 -79 8 96 65 33 -20 23 -97 22 -76 -97 -132 -133 -124 -172 53 -148 26 45 86 78 -87 -89 -91 -141 90 -108 -44 -31 -42 -137 -122 -163 145 17 168 190 101 79 86 117 43 162 21 147 40 -35 -43 -135 134 32 162 -108 170 -79 53 77 65 194 50 121 -186 65 -117 74 -48 6465315.934644974 7993703.595435363 2.9407968377011745E-4 0.0 
67 -56 95 -108 -136 35 -135 97 -34 -55 -142 53 50 -145 55 -81 9 95 65 34 -20 21 -100 21 -76 -101 -135 -132 -124 -172 36 -148 27 48 79 83 -95 -89 -91 -141 75 -108 -53 -31 -42 -137 -122 -163 135 18 168 141 101 82 92 111 44 164 20 147 41 -32 -44 -121 134 36 163 -102 172 -81 53 77 67 194 65 118 -192 76 -121 74 -48 6439520.067996449 8198572.026064369 80.84887901701462 0.0 
65 -56 96 -105 -120 116 -138 96 -34 -55 -147 52 53 -195 53 -61 71 96 66 33 -21 21 -99 17 -80 -175 -132 -136 -135 -154 30 -184 27 42 81 80 45 14 -45 -159 58 -108 -62 -31 -42 -137 -96 -189 145 14 139 157 99 79 99 21 33 141 12 154 21 -62 -44 -37 132 6 152 -106 157 -66 36 75 84 194 72 192 -175 88 -139 76 -47 5709600.809713743 1.6747048588208996E7 130.68862692886233 0.0 
65 -56 84 -107 -136 37 -136 91 -35 -55 -123 51 -98 -145 53 -81 10 95 60 26 -21 22 -97 22 -76 -93 -132 -132 -123 -173 51 -123 25 45 79 78 -85 -83 -91 -139 142 -108 -51 -31 8 -139 -118 -162 142 34 147 140 103 79 86 118 43 162 20 147 41 -36 -44 -135 134 35 162 -107 171 -49 53 76 65 194 47 121 -187 64 -116 75 -48 6598343.093604594 7398455.256690025 2.86814137022169E-4 0.0 
65 -56 96 -105 -132 34 -137 91 -34 -55 -147 53 54 -147 54 -81 60 96 66 31 -20 21 -98 17 -89 -178 -132 -132 -125 -152 31 -150 20 44 81 79 101 29 -28 -161 67 -114 -59 -30 -42 -137 -96 -178 145 16 139 157 101 79 100 22 33 143 12 130 22 -61 -46 -37 134 5 165 -107 157 -66 36 76 85 193 -40 124 -178 88 -137 74 -48 6049466.982450015 1.1595060676565787E7 64.56968175353146 0.0 
66 -56 96 -105 -133 34 -135 91 -34 -55 -144 52 53 -146 54 -76 71 96 66 31 -20 20 -98 18 -80 -174 -132 -132 -126 -152 23 -182 22 44 82 79 98 28 -28 -161 90 -112 -59 -30 -42 -137 -95 -178 109 13 139 157 101 79 99 23 28 143 12 130 19 -61 -46 -37 134 5 167 -110 157 -66 35 76 84 193 66 185 -178 87 -138 74 -47 6018169.969481112 1.1863848872025775E7 202.77271304257502 0.0 
65 -56 96 -105 -132 34 -135 97 -34 -55 -144 52 53 -144 54 -75 71 96 66 31 -20 20 -98 18 -80 -182 -132 -132 -127 -154 30 -182 22 44 82 79 98 28 -28 -160 34 -112 -62 -30 -42 -137 -95 -172 109 13 139 157 101 79 99 23 30 143 12 130 21 -60 -46 -36 132 5 167 -110 159 -65 35 76 84 193 67 185 -178 87 -138 74 -47 6007538.79446205 1.1979364607330773E7 202.48366126060787 0.0 
67 -56 87 -108 -137 37 -136 91 -34 -55 -124 51 -97 -145 53 -81 10 96 65 33 -20 23 -97 22 -76 -93 -131 -132 -124 -172 49 -123 27 45 80 78 -138 -85 -91 -140 143 -108 -51 -31 -41 -137 -122 -162 142 18 168 139 101 78 86 117 43 162 21 147 41 -36 -44 -135 134 35 162 -102 170 -49 53 76 65 193 46 120 -189 64 -127 74 -47 6571291.240741949 7475051.185179845 75.83555214713715 0.0 
66 -56 96 -105 -133 34 -138 97 -34 -55 -145 52 54 -145 56 -75 64 96 66 33 -21 20 -99 18 -78 -174 -134 -135 -136 -154 30 -181 26 44 81 80 44 13 -45 -161 66 -116 -62 -31 -42 -137 -96 -174 147 16 139 157 99 79 102 23 35 143 12 155 21 -60 -44 -36 132 5 166 -106 159 -67 36 75 85 195 64 182 -175 87 -137 74 -47 5888393.40764649 1.3626344352608051E7 184.10380787100283 0.0 
68 -56 94 -108 -136 35 -134 92 -34 -55 -145 53 53 -142 53 -80 9 95 65 33 -21 23 -97 21 -75 -99 -132 -132 -124 -171 39 -148 26 47 79 78 -87 -89 -89 -140 94 -108 -51 -31 -43 -147 -122 -163 146 17 168 193 98 79 85 119 55 160 22 148 41 -36 -44 -136 166 35 165 -108 171 -79 53 77 66 194 19 122 -186 71 -127 74 -48 6327470.066550274 8966392.713201424 3.1117795380997647E-4 0.0 
66 -56 96 -105 -133 37 -136 96 -34 -55 -147 52 50 -146 56 -74 71 96 66 33 -21 20 -100 18 -78 -175 -132 -136 -140 -154 29 -181 26 44 81 80 44 12 -45 -161 66 -115 -61 -30 -42 -137 -96 -174 107 16 139 156 99 79 99 24 32 143 12 132 21 -60 -44 -37 134 5 161 -109 164 -67 36 75 84 193 73 190 -179 87 -137 76 -47 5958796.665335522 1.2682077644821791E7 128.65344256769288 0.0 
66 -56 97 -105 -124 102 -135 96 -34 -55 -145 52 54 -194 53 -77 64 96 66 33 -21 21 -99 17 -80 -175 -132 -135 -138 -154 29 -190 26 41 82 79 46 13 -45 -161 67 -108 -62 -30 -42 -137 -96 -174 147 17 139 156 104 79 99 23 44 141 12 154 21 -59 -44 -36 132 5 155 -106 164 -67 36 75 84 194 72 196 -179 88 -137 76 -47 5749992.783073903 1.6030172159006914E7 135.28198050198432 0.0 
65 -56 96 -105 -120 116 -138 96 -34 -55 -147 53 53 -195 53 -76 71 96 66 33 -21 21 -110 17 -80 -173 -133 -136 -135 -154 30 -184 27 44 81 80 45 14 -45 -159 58 -108 -60 -30 -42 -137 -96 -189 145 14 139 157 99 79 99 21 32 141 12 154 21 -62 -44 -37 132 6 152 -107 157 -66 36 75 84 194 72 192 -175 88 -138 76 -47 5695762.177931306 1.6937779575981706E7 130.52845627978124 0.0 
65 -56 95 -105 -133 35 -144 93 -34 -55 -140 52 56 -147 51 -76 13 96 67 31 -22 20 -98 17 -79 -94 -132 -132 -126 -153 28 -151 22 44 82 79 114 23 -30 -161 66 -115 -57 -30 -42 -137 -96 -137 111 16 141 156 102 79 100 22 41 143 12 126 21 -36 -44 -37 134 6 165 -108 160 -66 36 76 84 194 66 121 -193 85 -137 74 -50 6148864.68448083 1.0490751391608614E7 26.12250432039188 0.0 
66 -56 96 -105 -133 35 -138 91 -34 -55 -147 52 54 -146 54 -75 16 97 66 33 -21 21 -98 18 -79 -92 -133 -135 -138 -154 31 -181 28 44 81 80 45 12 -44 -161 54 -111 -60 -30 -43 -137 -96 -174 146 16 139 157 102 79 100 24 33 143 12 129 21 -63 -46 -37 135 5 165 -107 164 -66 35 76 84 194 -39 130 -158 104 -137 76 -47 5995988.669524916 1.2197133449831417E7 3.229378875747149E-4 0.0 
66 -56 96 -105 -132 35 -136 91 -34 -55 -147 48 50 -144 53 -75 13 95 66 31 -22 20 -98 18 -79 -92 -132 -132 -136 -154 30 -181 20 44 86 80 106 29 -45 -161 67 -117 -62 -30 -42 -139 -95 -180 145 17 136 156 99 79 100 23 33 143 12 130 22 -61 -46 -37 135 6 166 -109 160 -64 36 76 84 194 -43 124 -175 87 -128 74 -47 6101554.506151026 1.0975141371462617E7 3.173530564051807E-4 0.0 
68 -56 95 -108 -136 34 -136 91 -35 -55 -163 53 58 -144 53 -81 9 96 66 33 -20 23 -97 22 -75 -97 -165 -132 -124 -172 39 -149 26 45 80 78 -87 -89 -89 -147 94 -108 -51 -31 -43 -137 -122 -163 145 19 144 190 101 82 85 117 45 161 21 147 40 -36 -44 -136 135 33 162 -102 171 -79 53 77 66 194 17 121 -186 71 -116 74 -48 6329689.439578141 8874397.727154018 67.34868462484553 0.0 
66 -56 97 -105 -132 35 -136 91 -34 -55 -173 52 51 -147 54 -81 61 96 66 31 -20 21 -99 17 -88 -172 -133 -132 -125 -152 30 -150 23 44 82 80 102 23 -28 -161 67 -114 -59 -30 -42 -138 -95 -178 145 16 139 157 102 79 100 22 27 148 12 128 14 -61 -44 -36 134 7 166 -109 157 -66 36 76 83 195 66 119 -180 85 -138 74 -48 6067801.938170651 1.1392068587223923E7 63.507329666896865 0.0 
68 -56 69 -108 -136 34 -136 96 -35 -55 -123 51 -103 -142 51 -79 9 95 65 32 -24 20 -100 21 -79 -102 -132 -132 -124 -172 52 -125 25 45 81 78 -86 -83 -91 -141 144 -108 -51 -31 -43 -137 -118 -145 136 19 168 139 95 79 86 119 43 163 20 148 40 -34 -44 -136 134 35 158 -108 172 -78 51 77 65 194 66 123 -186 69 -117 74 -50 6529240.442648928 7685732.263689535 76.2078253717219 0.0 
68 -56 94 -108 -136 34 -134 92 -34 -55 -145 51 53 -144 53 -80 9 95 60 33 -21 23 -97 21 -75 -99 -132 -132 -124 -172 39 -148 26 45 79 78 -87 -89 -89 -140 94 -108 -51 -31 -43 -147 -122 -162 146 19 168 190 98 79 85 119 55 160 22 147 41 -36 -44 -136 166 35 166 -108 171 -81 53 77 66 194 19 122 -186 71 -127 74 -48 6317018.154792323 9071151.776343258 3.1269129109506627E-4 0.0 
65 -56 95 -105 -133 35 -136 91 -34 -55 -146 52 54 -146 56 -74 17 96 67 30 -20 20 -101 18 -80 -91 -133 -132 -127 -155 28 -180 27 43 81 79 115 28 -30 -165 66 -110 -59 -31 -42 -137 -96 -175 111 16 139 156 100 79 100 22 33 143 12 127 23 -62 -44 -37 135 2 165 -107 159 -67 36 75 83 194 66 197 -180 95 -138 74 -47 6049534.81424447 1.1488805063514551E7 213.2224131604982 0.0 
67 -56 87 -108 -137 37 -136 91 -34 -55 -125 51 -105 -145 53 -81 10 96 65 33 -20 23 -97 22 -76 -92 -135 -132 -124 -172 49 -123 27 45 80 79 -138 -85 -91 -140 143 -109 -51 -31 -41 -137 -123 -162 146 37 168 141 103 78 86 117 43 163 21 147 41 -36 -44 -135 134 34 162 -102 170 -49 53 76 65 193 46 120 -189 64 -127 75 -50 6566567.662421208 7487433.446136669 77.1683905454494 0.0 
68 -56 95 -108 -137 34 -136 92 -35 -55 -163 53 58 -144 53 -81 9 95 65 33 -20 23 -97 22 -75 -93 -132 -132 -124 -172 39 -149 26 47 88 78 -87 -89 -89 -147 94 -108 -44 -31 -43 -137 -123 -163 145 19 168 190 101 82 86 117 45 161 21 147 41 -36 -44 -136 135 33 162 -102 171 -79 53 77 67 194 22 121 -186 71 -116 74 -48 6356644.943496447 8542410.53938594 67.27009658670644 0.0 
65 -56 97 -105 -133 35 -135 97 -34 -55 -147 51 54 -147 53 -75 71 96 63 33 -20 21 -99 17 -80 -179 -132 -136 -137 -154 31 -151 28 41 81 80 46 13 -45 -161 59 -109 -61 -30 -42 -137 -96 -179 145 16 139 156 103 79 100 24 33 143 12 154 21 -62 -44 -37 131 5 165 -106 157 -67 35 75 85 193 -50 124 -175 88 -137 73 -47 5779546.344721152 1.5473953235062202E7 3.6241906022685606E-4 0.0 
65 -56 96 -105 -133 31 -135 96 -34 -55 -147 52 55 -147 54 -77 66 96 66 33 -21 20 -100 17 -80 -180 -133 -135 -136 -154 28 -151 28 44 82 79 45 13 -45 -162 55 -107 -60 -30 -42 -137 -96 -177 145 16 139 156 101 79 99 23 43 143 12 154 21 -61 -44 -37 132 5 167 -109 157 -66 36 75 84 194 66 181 -177 88 -138 74 -47 5753867.780448483 1.5784819268958723E7 189.22472854369178 0.0 
65 -56 96 -105 -125 101 -135 96 -34 -55 -147 51 53 -193 53 -72 71 96 66 33 -21 21 -110 17 -83 -175 -133 -136 -135 -154 31 -185 26 42 82 80 45 12 -46 -165 67 -108 -62 -30 -42 -137 -95 -181 146 17 139 156 102 79 99 23 39 141 12 154 21 -61 -44 -37 131 5 162 -109 154 -67 37 75 84 194 72 192 -177 88 -138 74 -47 5709871.129248852 1.667682863735148E7 132.90930308596387 0.0 
65 -56 96 -105 -124 118 -138 96 -34 -55 -145 51 54 -193 53 -77 71 96 66 33 -21 21 -100 17 -79 -175 -132 -136 -138 -154 31 -185 25 42 78 79 46 12 -45 -165 67 -108 -62 -30 -42 -137 -95 -181 145 17 139 156 104 79 99 23 33 141 12 154 21 -61 -44 -37 132 5 155 -107 164 -67 37 75 84 194 72 196 -177 88 -137 74 -47 5699438.170906509 1.6856318694694992E7 134.6396570025359 0.0 
65 -56 97 -105 -124 98 -135 97 -34 -55 -147 52 51 -195 54 -75 71 96 66 33 -21 21 -99 17 -81 -182 -132 -136 -139 -154 30 -186 28 42 81 80 45 13 -45 -161 67 -107 -62 -31 -42 -137 -95 -179 145 14 139 156 104 79 99 23 33 143 12 154 21 -62 -44 -37 131 6 165 -106 157 -65 36 75 84 194 65 191 -179 89 -138 74 -47 5719730.99167659 1.6412290252299683E7 200.39874411257725 0.0 
67 -56 95 -108 -136 35 -134 92 -35 -55 -143 53 51 -144 53 -81 8 96 65 33 -20 23 -97 22 -76 -97 -135 -132 -124 -176 38 -149 26 45 79 78 -87 -89 -88 -147 90 -108 -44 -31 -42 -137 -122 -162 146 19 166 190 101 79 86 117 43 162 21 147 40 -38 -43 -135 134 32 162 -108 171 -79 53 77 66 194 17 121 -186 65 -116 74 -48 6376998.400278034 8475380.479788026 3.0126497237518697E-4 0.0 
65 -56 96 -105 -133 35 -138 97 -34 -55 -147 52 54 -146 54 -75 63 96 63 33 -21 21 -99 17 -80 -183 -133 -136 -137 -154 30 -151 28 44 81 80 46 12 -45 -161 50 -109 -61 -31 -42 -137 -96 -178 145 16 139 157 102 79 100 22 30 143 12 154 21 -61 -44 -37 131 5 163 -107 150 -67 36 75 84 194 67 182 -177 88 -138 74 -47 5769465.748711941 1.5678359643343456E7 127.14595527659985 0.0 
68 -56 94 -108 -136 34 -136 91 -35 -55 -122 53 51 -145 53 -81 9 96 65 33 -20 21 -97 22 -75 -97 -132 -132 -124 -176 37 -148 26 47 79 78 -87 -89 -89 -149 97 -108 -44 -31 -42 -137 -122 -162 146 19 145 142 101 78 86 117 43 162 21 147 40 -38 -43 -135 134 33 162 -108 170 -79 53 77 67 194 48 121 -186 65 -116 74 -48 6418094.697563506 8283611.644546092 72.59304397063805 0.0 
65 -56 95 -105 -132 35 -135 93 -34 -55 -141 53 56 -147 47 -76 13 94 67 31 -20 20 -98 17 -79 -94 -132 -132 -126 -153 28 -179 22 44 82 79 103 29 -29 -161 66 -111 -57 -31 -42 -137 -96 -138 110 18 141 157 102 79 100 19 41 142 12 130 22 -35 -45 -36 133 6 165 -109 160 -66 36 76 84 194 66 121 -192 74 -138 74 -47 6169728.0746051865 1.0288948272994867E7 29.229439482078888 0.0 
67 -56 67 -107 -136 37 -136 91 -35 -55 -123 53 -103 -144 53 -79 10 96 65 33 -20 23 -97 22 -75 -92 -135 -132 -124 -172 53 -149 27 45 86 78 -87 -89 -91 -140 140 -108 -51 -31 -42 -137 -123 -162 146 20 168 141 101 79 86 117 43 162 21 147 40 -36 -44 -135 134 34 162 -108 170 -79 53 75 65 193 46 122 -186 65 -117 75 -48 6484087.683569295 7828230.921377423 78.34056498841754 0.0 
66 -56 95 -105 -133 35 -145 93 -34 -55 -140 53 56 -147 51 -76 13 94 67 31 -22 20 -98 17 -79 -94 -131 -132 -126 -153 28 -183 22 44 82 79 114 23 -30 -161 66 -114 -57 -30 -42 -137 -96 -137 111 16 141 157 101 79 100 22 41 143 12 126 21 -36 -44 -37 134 5 165 -108 160 -66 36 76 84 194 66 121 -193 85 -137 74 -50 6164056.470387694 1.03637254251089E7 28.67852007413298 0.0 
65 -56 96 -105 -133 35 -135 96 -34 -55 -147 52 51 -147 54 -77 63 96 66 33 -21 21 -99 18 -80 -184 -132 -135 -136 -154 29 -151 26 43 81 80 47 13 -44 -160 66 -107 -59 -30 -42 -137 -96 -181 145 16 139 156 104 79 99 24 33 141 12 154 21 -60 -44 -37 131 5 166 -110 157 -65 36 75 85 194 -54 123 -177 87 -138 74 -47 5788695.304030175 1.538782554624549E7 3.640354902807414E-4 0.0 
66 -56 96 -105 -133 35 -136 96 -34 -55 -147 53 53 -146 54 -74 64 96 66 33 -21 21 -100 18 -82 -182 -132 -135 -137 -154 29 -180 28 41 79 80 46 12 -45 -161 59 -117 -59 -30 -42 -137 -96 -181 145 14 139 156 103 79 100 23 32 143 12 128 14 -61 -44 -37 134 5 166 -107 164 -66 36 76 85 194 -42 130 -160 87 -137 74 -47 5929136.2507019 1.3081396322874133E7 3.3417641663189684E-4 0.0 
65 -56 96 -105 -125 117 -138 96 -34 -55 -139 52 53 -195 54 -72 63 96 66 33 -21 21 -98 17 -80 -173 -133 -136 -135 -154 31 -186 28 44 82 80 46 12 -45 -159 58 -108 -60 -30 -42 -137 -95 -189 145 17 139 156 99 79 99 23 40 141 12 154 21 -62 -44 -37 131 5 166 -107 157 -66 36 75 84 194 72 185 -176 85 -139 76 -47 5689554.387730635 1.6925577841282878E7 192.2509525209865 0.0 
68 -56 95 -107 -136 35 -134 92 -34 -55 -143 51 -99 -144 53 -81 10 95 60 33 -20 23 -97 22 -75 -92 -132 -132 -123 -173 50 -149 26 47 79 78 -87 -89 -89 -139 94 -108 -51 -31 -42 -137 -123 -161 146 19 147 190 104 82 85 117 44 162 21 147 40 -36 -44 -135 135 35 162 -108 171 -81 53 77 65 194 16 121 -187 71 -116 74 -48 6429297.48473346 8256372.7148266155 2.873637690784494E-4 0.0 
65 -56 97 -105 -126 103 -135 93 -34 -55 -145 51 54 -194 54 -74 71 96 66 33 -21 21 -99 17 -83 -175 -134 -135 -135 -154 29 -191 30 42 82 80 46 14 -45 -161 67 -108 -61 -31 -42 -137 -96 -175 146 17 139 156 102 79 99 22 33 141 12 154 21 -61 -44 -37 132 5 165 -107 164 -66 36 75 85 194 71 196 -178 88 -137 76 -47 5739058.729481963 1.6081042726119373E7 203.46357418150984 0.0 
68 -56 69 -108 -136 38 -136 96 -35 -55 -123 51 -103 -142 51 -79 10 95 65 32 -24 20 -100 21 -79 -102 -132 -132 -123 -172 52 -125 25 45 81 78 -86 -83 -91 -141 144 -108 -51 -31 -41 -139 -118 -161 142 19 168 139 95 79 86 117 43 162 20 147 40 -34 -44 -136 134 35 158 -108 170 -77 51 77 65 193 66 121 -187 64 -117 74 -50 6497620.092959233 7889983.672077135 76.54957582163489 0.0 
66 -56 96 -105 -133 37 -135 91 -34 -55 -150 51 53 -146 53 -79 11 94 67 30 -20 21 -91 18 -79 -86 -129 -132 -126 -152 23 -181 22 44 82 79 107 29 -28 -161 67 -114 -59 -30 -43 -138 -96 -141 111 17 141 156 102 79 102 22 43 143 12 154 21 -62 -46 -37 135 3 166 -109 155 -66 36 75 84 194 66 185 -177 95 -137 74 -50 6079359.613341594 1.1182920528066713E7 211.8437993608896 0.0 
66 -56 95 -105 -133 35 -135 91 -34 -55 -147 53 56 -147 52 -75 13 94 66 31 -22 21 -99 18 -79 -95 -132 -136 -136 -154 28 -184 20 44 81 79 106 29 -46 -161 68 -117 -61 -30 -42 -137 -96 -174 110 16 141 156 101 79 100 22 33 143 12 129 21 -61 -45 -37 133 5 166 -109 160 -66 36 76 84 195 66 121 -181 75 -137 74 -47 6145945.006658011 1.0643391205642091E7 3.509709342938295E-4 0.0 
67 -56 95 -108 -136 34 -135 91 -35 -55 -142 51 53 -144 51 -80 9 96 66 33 -20 22 -97 21 -76 -94 -132 -132 -124 -176 38 -148 27 47 89 78 -87 -90 -91 -147 97 -109 -43 -30 -44 -137 -122 -163 147 19 167 139 101 78 85 117 44 156 21 147 42 -38 -44 -135 132 35 162 -102 171 -84 53 77 65 194 20 122 -187 71 -129 74 -48 6389489.010798884 8388974.76532681 75.31060859255334 0.0 
67 -56 96 -105 -133 35 -135 96 -34 -55 -147 51 51 -146 52 -77 72 96 67 33 -21 20 -100 18 -80 -180 -132 -135 -137 -154 29 -189 28 44 82 80 47 13 -45 -164 55 -105 -61 -31 -42 -137 -96 -181 145 14 139 156 101 79 116 24 43 141 12 154 21 -61 -44 -37 134 6 166 -109 157 -67 36 75 84 194 65 182 -177 88 -137 74 -47 5779865.100007232 1.5247467457576262E7 188.72742348799994 0.0 
65 -56 84 -107 -136 35 -136 91 -35 -55 -123 51 -98 -144 53 -81 10 95 60 33 -20 22 -97 22 -76 -93 -132 -132 -123 -173 51 -123 25 45 79 78 -85 -89 -89 -139 142 -108 -51 -31 8 -139 -122 -162 146 34 147 140 104 79 85 118 43 162 20 147 41 -36 -44 -135 135 35 162 -107 171 -49 53 76 65 194 47 122 -187 64 -116 74 -48 6589820.245316907 7434757.111638285 2.870327943386765E-4 0.0 
66 -56 96 -105 -133 38 -136 97 -34 -55 -147 51 53 -145 54 -77 71 96 66 33 -22 21 -99 18 -80 -184 -134 -136 -139 -154 29 -190 26 44 78 80 45 13 -45 -161 65 -115 -61 -30 -42 -137 -96 -174 144 16 139 156 104 79 99 24 32 143 12 153 21 -61 -45 -37 134 5 166 -109 166 -66 36 75 84 195 65 181 -179 87 -137 76 -47 5898687.182594988 1.3496016778264318E7 188.02104819654608 0.0 
65 -56 96 -105 -133 35 -135 91 -34 -55 -147 52 54 -147 54 -75 72 97 66 33 -22 21 -99 17 -80 -172 -134 -136 -136 -154 29 -185 20 43 81 80 44 12 -45 -167 64 -114 -61 -30 -43 -137 -96 -173 144 16 139 156 102 79 100 22 33 143 12 129 21 -60 -44 -36 135 5 166 -107 157 -66 36 76 85 194 -42 130 -158 88 -137 76 -47 5939314.910189809 1.2966587328945061E7 3.285850105806242E-4 0.0 
66 -56 96 -105 -132 35 -135 91 -34 -55 -141 48 50 -146 51 -75 13 94 66 31 -22 20 -98 17 -79 -92 -132 -132 -126 -153 28 -180 21 43 81 80 104 29 -45 -160 67 -116 -57 -30 -42 -139 -96 -179 145 18 139 156 99 79 100 22 33 143 12 131 22 -63 -46 -37 135 5 166 -110 160 -65 36 76 84 193 65 128 -175 87 -138 74 -47 6118847.37814639 1.0801357744299937E7 3.4853575713600555E-4 0.0 
67 -56 68 -107 -136 34 -136 91 -35 -55 -123 53 -103 -144 53 -79 8 95 65 33 -20 23 -97 22 -75 -99 -135 -133 -124 -172 53 -149 26 45 86 78 -87 -89 -91 -141 95 -108 -51 -31 -42 -137 -122 -162 145 20 168 183 101 79 86 117 42 162 21 147 40 -35 -44 -135 134 32 162 -108 170 -79 53 77 65 194 49 122 -186 67 -117 74 -48 6448394.031339972 8141633.630224021 2.9676521976253385E-4 0.0 
65 -56 97 -105 -133 34 -135 96 -34 -55 -147 53 50 -145 55 -74 71 96 66 33 -19 21 -99 17 -80 -174 -132 -136 -136 -154 30 -184 27 43 81 80 46 12 -45 -160 67 -107 -59 -30 -42 -137 -96 -174 144 16 139 156 101 79 99 23 36 144 12 154 21 -60 -44 -37 132 5 165 -109 157 -67 36 75 85 194 63 184 -176 87 -137 77 -47 5848402.901613622 1.429365319753721E7 187.02137934676807 0.0 
67 -56 95 -108 -136 33 -135 97 -35 -55 -146 51 52 -144 53 -80 9 95 65 27 -20 22 -97 21 -75 -98 -132 -133 -124 -176 37 -148 26 45 79 78 103 97 -91 -141 91 -109 -58 -31 -43 -137 -121 -144 145 18 151 140 101 80 85 116 40 164 21 147 43 -38 -43 -134 134 32 164 -103 172 -82 53 76 67 193 65 122 -185 69 -116 74 -50 6245105.993976707 9647991.852116562 3.3480974798332744E-4 0.0 
65 -56 96 -105 -133 35 -135 91 -34 -55 -147 52 54 -145 54 -75 62 97 66 33 -22 21 -99 17 -80 -172 -134 -136 -136 -154 31 -185 27 44 81 80 45 12 -45 -167 66 -114 -60 -30 -43 -137 -96 -173 145 16 139 156 102 79 100 22 33 143 12 154 21 -60 -44 -36 135 5 166 -107 156 -67 36 76 85 194 -42 131 -158 88 -137 76 -47 5909528.271565746 1.3362172039733987E7 3.375685240317852E-4 0.0 
67 -56 94 -108 -136 34 -135 91 -34 -55 -146 51 50 -145 53 -80 8 95 65 27 -21 22 -97 22 -76 -102 -135 -133 -124 -171 53 -148 26 44 86 78 96 97 -88 -141 83 -109 -52 -31 -42 -137 -122 -144 145 18 150 139 97 80 85 38 40 164 22 147 43 -39 -44 -135 134 32 162 -108 171 -82 53 76 67 194 64 122 -186 69 -117 74 -50 6277713.073090201 9340898.001413405 79.416337810764 0.0 
67 -56 86 -108 -136 34 -136 91 -35 -55 -143 53 -103 -144 53 -81 8 96 65 33 -20 21 -97 22 -76 -97 -132 -132 -124 -172 53 -150 26 45 86 78 -87 -89 -91 -141 90 -108 -44 -31 -42 -137 -122 -162 146 19 168 190 101 79 86 117 43 162 21 147 40 -35 -43 -135 134 32 162 -108 171 -79 53 77 65 194 49 121 -186 65 -117 74 -48 6458706.111959016 8062776.38475174 2.9507941592269295E-4 0.0 
68 -56 94 -108 -136 35 -136 91 -35 -55 -143 51 51 -144 53 -81 10 95 65 27 -20 22 -98 21 -73 -91 -132 -133 -124 -176 39 -148 26 47 78 78 96 102 -88 -141 81 -108 -54 -31 -42 -140 -123 -144 145 17 166 149 98 79 86 117 44 159 21 147 14 -36 -44 -135 134 32 164 -102 172 -79 53 76 66 194 66 121 -194 71 -118 74 -48 6198060.104308858 9899215.80705196 90.65185250697454 0.0 
66 -56 95 -108 -136 33 -136 91 -35 -55 -146 51 49 -145 49 -80 9 95 66 32 -21 20 -105 21 -76 -101 -130 -133 -124 -171 49 -147 29 45 86 78 96 97 -88 -140 83 -109 -58 -31 -42 -139 -121 -147 141 19 151 140 102 80 91 37 40 164 23 147 41 -42 -43 -121 135 32 162 -107 171 -79 50 76 66 193 65 122 -192 69 -116 74 -50 6289247.087033545 9492421.272194395 3.2563468734487263E-4 0.0 
68 -56 94 -108 -136 34 -134 92 -34 -55 -145 53 58 -142 53 -80 9 95 65 33 -21 23 -97 21 -75 -99 -132 -132 -124 -172 39 -148 26 45 79 78 -87 -89 -89 -140 94 -108 -51 -31 -43 -147 -122 -163 146 17 144 192 98 78 85 119 44 160 22 148 41 -36 -44 -135 135 32 165 -102 171 -82 53 77 66 194 19 122 -186 71 -127 74 -48 6296194.269019452 9358040.552455597 3.136378314080282E-4 0.0 
68 -56 94 -107 -136 34 -134 91 -35 -55 -144 53 -26 -144 53 -81 7 95 65 33 -20 21 -97 21 -76 -97 -132 -132 -124 -172 39 -149 38 44 79 78 -87 -89 -91 -140 96 -108 -51 -31 -44 -137 -123 -164 146 19 146 182 104 82 85 117 44 162 21 148 40 -36 -44 -135 135 33 162 -102 175 -81 53 77 66 194 20 121 -186 71 -127 74 -48 6405490.412736521 8392741.729894567 2.95783600529105E-4 0.0 
65 -56 96 -105 -133 34 -135 96 -34 -55 -145 52 54 -145 54 -78 62 96 66 33 -21 21 -99 17 -80 -175 -133 -136 -137 -154 30 -184 28 43 81 79 45 14 -45 -161 67 -107 -60 -30 -42 -137 -96 -174 144 16 139 156 102 79 99 22 35 143 12 154 21 -61 -44 -37 132 5 165 -109 155 -67 35 75 84 194 64 184 -176 86 -137 76 -47 5838788.485567699 1.4399700424992781E7 186.52158247811144 0.0 
66 -56 96 -105 -133 35 -138 91 -34 -55 -147 52 54 -146 54 -75 16 97 66 33 -21 21 -98 18 -79 -92 -133 -135 -138 -154 31 -181 27 44 81 80 45 12 -44 -161 54 -111 -60 -30 -43 -137 -96 -174 146 16 139 157 102 79 100 24 33 143 12 129 21 -63 -46 -37 135 5 165 -107 164 -66 35 76 84 194 -39 130 -158 104 -137 76 -47 6018463.957251391 1.1947306228950543E7 3.1846433159797756E-4 0.0 
66 -56 96 -105 -133 35 -136 95 -34 -55 -147 53 51 -144 56 -76 72 96 67 33 -22 21 -104 18 -79 -174 -133 -136 -139 -154 30 -191 27 43 81 80 46 13 -44 -161 68 -109 -60 -30 -42 -137 -96 -178 152 16 139 157 102 79 99 21 34 143 12 154 20 -61 -44 -37 134 5 166 -110 156 -65 36 75 84 194 66 184 -54 104 -138 76 -47 5759515.928507192 1.5937734002591806E7 3.8205938856491865E-4 0.0 
65 -56 96 -105 -133 35 -135 91 -34 -55 -147 52 54 -147 53 -75 63 96 66 33 -21 21 -99 18 -80 -184 -132 -135 -136 -154 31 -151 26 43 81 80 46 13 -44 -161 66 -107 -59 -30 -42 -137 -96 -173 145 16 139 156 104 79 99 22 42 141 12 153 21 -60 -44 -37 131 5 166 -110 157 -65 36 75 85 194 -50 121 -177 88 -138 76 -47 5847055.3728098795 1.4334576743464218E7 3.568145214469406E-4 0.0 
66 -56 96 -105 -133 37 -136 96 -34 -55 -147 52 51 -145 53 -74 71 96 66 33 -21 21 -100 17 -78 -175 -132 -136 -140 -154 29 -181 26 44 81 80 44 12 -45 -161 66 -108 -61 -30 -42 -137 -95 -174 107 16 139 156 99 79 99 23 32 143 12 132 21 -61 -44 -37 134 5 161 -109 157 -67 36 75 84 193 73 190 -179 87 -137 76 -47 5878942.644252649 1.3798586525189219E7 130.315727283237 0.0 
67 -56 95 -108 -136 33 -135 97 -34 -55 -146 51 53 -145 53 -80 9 95 65 27 -21 22 -99 22 -76 -102 -135 -132 -124 -172 38 -151 26 44 86 78 96 97 -91 -140 83 -109 -52 -30 -44 -137 -121 -144 145 23 151 138 97 79 85 118 40 164 22 147 43 -39 -44 -134 135 32 162 -103 171 -82 53 76 65 194 66 122 -185 69 -116 74 -50 6238801.433463438 9561210.313435227 79.25951552182238 0.0 
67 -56 94 -108 -137 35 -136 91 -35 -55 -144 51 51 -144 53 -81 9 95 65 27 -20 21 -100 21 -73 -98 -135 -133 -124 -176 39 -148 27 44 78 79 96 107 -88 -141 78 -109 -55 -31 -42 -140 -121 -144 145 19 167 149 97 79 86 117 44 159 21 147 16 -34 -44 -134 134 32 164 -102 171 -82 53 76 65 194 64 122 -194 71 -118 74 -48 6178150.621935091 1.0171540424705133E7 91.42755632486788 0.0 
68 -56 95 -108 -136 32 -136 96 -35 -55 -146 51 52 -145 51 -80 9 95 66 32 -21 20 -105 22 -76 -94 -130 -133 -124 -170 51 -147 26 44 80 78 96 97 -88 -141 84 -108 -52 -31 -43 -139 -122 -147 145 23 150 130 92 80 91 38 40 164 20 147 41 -42 -44 -134 131 31 162 -107 171 -79 50 76 66 193 65 122 -192 69 -116 74 -50 6274893.442284431 9494300.044643227 73.7738767120132 0.0 
65 -56 68 -108 -136 34 -134 91 -35 -55 -123 47 -98 -144 51 -79 9 95 65 33 -20 22 -97 21 -78 -98 -134 -132 -124 -172 52 -125 25 45 78 78 -136 -83 -91 -141 169 -109 -44 -31 -42 -139 -123 -144 145 30 168 183 102 79 86 117 43 163 21 148 40 -38 -43 -134 135 33 162 -107 170 -58 51 77 65 193 48 123 -186 65 -116 74 -48 6549191.458465144 7699797.057059069 2.936486670647911E-4 0.0 
68 -56 95 -107 -136 34 -134 92 -34 -55 -143 53 58 -144 53 -81 9 95 65 33 -20 23 -97 22 -75 -98 -132 -132 -124 -176 39 -149 26 47 79 78 -87 -89 -89 -147 94 -108 -51 -31 -42 -136 -122 -163 146 19 145 191 104 82 85 117 44 161 23 147 40 -36 -44 -135 135 36 162 -102 171 -82 53 77 66 194 20 121 -186 71 -116 74 -48 6345938.068105834 8632461.454276642 3.0869570003290594E-4 0.0 
67 -56 69 -107 -136 34 -136 91 -35 -55 -124 52 -98 -142 52 -80 9 95 66 33 -20 23 -97 22 -77 -102 -132 -132 -124 -172 53 -123 16 45 78 79 -87 -89 -91 -140 140 -108 -51 -31 -43 -139 -124 -162 146 17 168 139 101 79 87 118 36 158 20 157 41 -36 -43 -123 137 35 162 -108 175 -78 52 77 65 194 25 122 -187 65 -117 75 -48 6509727.03509073 7794787.794028293 77.11353281230494 0.0 
67 -56 96 -105 -133 109 -135 96 -34 -55 -147 52 51 -146 52 -74 72 96 66 33 -21 21 -100 18 -80 -180 -132 -136 -137 -154 31 -189 28 44 82 80 47 13 -45 -164 55 -105 -62 -31 -42 -137 -96 -181 145 14 139 156 101 79 99 24 43 141 12 156 21 -61 -44 -37 134 6 166 -109 157 -67 36 75 84 194 65 182 -177 88 -137 74 -47 5769598.969881151 1.559836098293971E7 189.97441207417978 0.0 
67 -56 92 -105 -133 35 -139 91 -34 -55 -147 52 54 -146 54 -75 15 97 66 33 -20 21 -99 18 -79 -92 -133 -135 -136 -154 28 -184 26 44 82 80 45 12 -45 -161 65 -111 -61 -30 -42 -137 -95 -173 151 16 139 157 103 79 100 28 31 143 12 129 21 -61 -44 -36 134 5 165 -107 164 -65 36 76 84 194 -43 130 -175 87 -137 77 -47 6035660.916278754 1.1760158174710894E7 3.249166124210492E-4 0.0 
65 -56 96 -105 -133 35 -135 91 -34 -55 -147 53 54 -145 56 -75 71 96 66 33 -21 21 -98 18 -79 -181 -133 -135 -139 -155 28 -181 22 44 82 80 46 8 -45 -161 53 -117 -60 -30 -42 -137 -96 -174 148 16 139 156 99 79 99 24 33 141 12 128 21 -61 -46 -37 134 5 165 -109 154 -65 36 76 84 195 -53 122 -159 88 -137 74 -47 5949730.405478734 1.2878022423491064E7 3.2770575730168167E-4 0.0 
67 -56 92 -105 -133 35 -139 91 -34 -55 -147 52 54 -146 54 -75 15 97 66 33 -20 21 -97 18 -79 -92 -133 -135 -136 -154 32 -181 26 44 82 80 45 12 -45 -161 65 -111 -61 -30 -42 -137 -95 -174 146 16 139 157 103 79 100 28 31 143 12 129 21 -61 -44 -36 132 5 165 -107 164 -65 36 76 84 194 -43 130 -175 87 -137 77 -47 6009368.200050358 1.2060123517730251E7 3.2844860779083037E-4 0.0 
66 -56 95 -105 -132 35 -145 93 -34 -55 -141 53 56 -147 51 -76 13 94 67 31 -22 20 -98 17 -79 -94 -132 -132 -126 -153 28 -184 22 44 82 79 104 29 -29 -161 67 -111 -57 -31 -42 -139 -96 -138 110 16 141 157 104 79 100 28 41 143 12 130 21 -36 -45 -36 133 5 165 -109 160 -66 36 76 84 194 66 121 -192 74 -137 74 -50 6175600.379305093 1.0253476410758069E7 29.158497424266805 0.0 
65 -56 96 -105 -132 35 -139 91 -34 -55 -173 53 50 -147 54 -81 61 96 66 31 -20 21 -98 17 -88 -172 -133 -132 -125 -152 30 -150 23 43 82 79 102 23 -28 -161 67 -114 -59 -30 -42 -138 -95 -178 145 16 139 157 101 79 100 22 32 143 12 128 22 -61 -44 -37 134 5 166 -109 157 -66 36 76 83 195 -45 124 -180 85 -138 74 -48 6039936.725644475 1.1676890025206048E7 63.98500672237375 0.0 
65 -56 96 -105 -132 35 -137 91 -34 -55 -147 53 51 -147 54 -81 61 96 63 31 -20 21 -98 17 -89 -176 -133 -132 -125 -152 30 -150 20 44 82 79 101 23 -28 -161 68 -114 -59 -30 -42 -138 -96 -178 145 16 139 157 101 79 100 22 32 143 12 128 22 -61 -44 -37 134 5 166 -109 157 -66 36 76 84 195 -45 124 -180 88 -137 74 -48 6029289.303173401 1.1739667027979769E7 64.3073380160839 0.0 
65 -56 96 -105 -132 35 -136 91 -34 -55 -147 53 54 -144 53 -75 15 97 66 31 -22 21 -98 18 -79 -94 -132 -132 -136 -154 31 -180 27 44 86 80 106 29 -45 -161 67 -110 -62 -30 -42 -139 -95 -174 145 16 136 156 99 79 100 23 31 143 12 129 22 -61 -44 -37 135 6 165 -109 159 -66 36 76 84 193 -43 128 -178 87 -129 74 -47 6099527.597306998 1.1047602693581812E7 3.172464993724622E-4 0.0 
65 -56 96 -105 -133 35 -134 95 -34 -55 -145 51 53 -146 56 -74 71 96 66 33 -19 21 -100 18 -79 -171 -134 -136 -136 -154 30 -182 20 44 81 79 45 12 -45 -161 58 -108 -61 -30 -42 -137 -96 -175 151 16 139 157 104 79 99 21 33 143 12 154 19 -61 -44 -36 134 5 166 -106 156 -66 36 76 83 194 -34 129 -176 87 -137 74 -47 5838834.2640854735 1.4427693993436223E7 3.608654445813408E-4 0.0 
66 -56 96 -105 -133 37 -135 91 -34 -55 -147 55 53 -147 56 -75 71 96 63 31 -20 21 -99 18 -79 -181 -133 -136 -137 -154 31 -180 22 44 81 80 45 13 -45 -163 61 -116 -59 -30 -42 -137 -96 -172 109 16 139 156 102 79 99 24 33 143 12 154 21 -61 -44 -37 135 11 165 -109 159 -67 36 75 84 194 66 184 -179 88 -137 74 -47 5968220.231193179 1.2484645317617824E7 187.33952451418403 0.0 
65 -56 86 -108 -136 34 -136 96 -35 -55 -123 52 -103 -142 51 -79 9 95 65 32 -24 24 -97 21 -79 -102 -132 -132 -124 -172 52 -125 28 45 81 78 -87 -83 -91 -141 145 -108 -51 -31 -43 -137 -118 -145 145 16 168 139 95 79 86 119 43 164 20 148 40 -34 -44 -136 133 33 165 -108 172 -54 51 76 65 194 65 120 -186 69 -118 74 -50 6519933.591326508 7775273.164900296 76.20777668202395 0.0 
67 -56 95 -107 -136 36 -136 92 -34 -55 -143 51 53 -144 52 -81 9 95 66 33 -21 21 -97 21 -76 -102 -132 -133 -124 -176 39 -149 23 44 78 79 96 98 -89 -140 94 -108 -51 -31 -43 -136 -123 -160 145 19 168 190 102 80 86 31 43 164 21 148 42 -36 -44 -135 163 36 165 -102 171 -81 53 77 65 194 22 122 -187 71 -118 74 -50 6197982.295184643 1.0053549201704912E7 3.227687165889751E-4 0.0 
65 -56 96 -105 -133 35 -135 96 -34 -55 -147 52 54 -147 54 -77 63 96 67 33 -21 20 -100 18 -80 -180 -132 -135 -136 -154 28 -151 28 44 82 79 45 13 -45 -162 55 -107 -61 -31 -42 -137 -96 -177 145 16 139 156 101 79 116 24 43 143 12 154 21 -61 -44 -37 132 5 167 -109 157 -67 36 75 84 194 66 181 -177 88 -138 74 -47 5748755.17487357 1.5857762687789937E7 189.4742907379739 0.0 
66 -56 96 -105 -133 34 -138 96 -34 -55 -147 52 54 -147 54 -75 71 96 66 33 -22 20 -99 18 -78 -178 -138 -131 -126 -154 31 -183 22 44 81 80 104 29 -46 -161 56 -112 -59 -30 -42 -137 -96 -180 146 16 139 156 102 79 100 22 30 143 12 126 21 -63 -44 -37 134 5 165 -111 164 -67 36 75 85 195 66 130 -178 89 -137 76 -47 6055318.4846099485 1.1498422888007255E7 3.6383574168442586E-4 0.0 
65 -56 96 -105 -133 35 -135 91 -34 -55 -147 51 53 -146 53 -74 71 96 67 33 -20 21 -99 18 -80 -171 -132 -135 -139 -154 31 -150 26 43 81 80 47 13 -44 -161 60 -108 -59 -30 -42 -137 -96 -173 146 16 139 156 104 79 100 22 33 143 12 126 21 -60 -44 -37 134 5 166 -110 157 -66 36 76 85 194 -50 123 -173 88 -138 74 -47 5869709.880022418 1.3992525623850143E7 3.4637578298350036E-4 0.0 
67 -56 94 -108 -136 33 -135 92 -35 -55 -142 51 52 -145 53 -80 10 95 65 27 -21 22 -99 22 -76 -98 -135 -132 -126 -171 40 -148 26 45 79 79 95 98 -88 -141 80 -108 -51 -30 -42 -137 -121 -147 144 18 151 139 97 79 85 118 44 159 21 147 41 -43 -44 -129 135 36 165 -108 171 -81 53 76 67 193 64 122 -195 69 -118 74 -47 6265090.566796361 9482553.831603294 79.57611446474007 0.0 
65 -56 96 -105 -133 35 -139 91 -34 -55 -147 52 55 -146 54 -75 72 96 66 33 -20 21 -99 18 -79 -181 -133 -136 -136 -154 30 -186 26 44 81 79 47 13 -45 -161 67 -114 -61 -31 -42 -137 -96 -176 145 16 139 156 99 79 99 21 32 143 12 154 21 -61 -44 -37 135 5 166 -109 157 -65 36 75 84 194 67 185 -179 88 -138 73 -47 5848634.16839475 1.4183441112688975E7 191.47558965254692 0.0 
65 -56 86 -108 -136 34 -136 96 -35 -55 -123 52 -103 -142 51 -79 9 95 65 32 -24 24 -97 21 -79 -102 -132 -132 -124 -172 52 -125 28 45 81 78 -87 -83 -91 -141 145 -108 -51 -31 -43 -137 -118 -145 145 9 168 139 95 79 86 119 43 164 20 148 40 -34 -44 -136 133 33 165 -108 110 -54 51 76 65 197 65 120 -186 69 -118 74 -50 6539462.014286582 7687073.183792001 75.95348663424816 0.0 
65 -56 96 -105 -133 41 -136 91 -34 -55 -147 51 53 -144 55 -74 65 96 66 33 -20 20 -100 18 -79 -174 -134 -136 -136 -154 28 -183 20 42 81 80 45 12 -45 -161 58 -108 -59 -30 -42 -137 -96 -181 151 16 139 157 104 79 100 21 33 143 12 154 19 -61 -44 -37 134 5 166 -106 156 -66 36 76 84 194 -34 129 -176 87 -137 74 -47 5809837.177681824 1.4893804742730033E7 3.6634103433587947E-4 0.0 
66 -56 96 -105 -125 101 -135 96 -34 -55 -147 51 53 -193 53 -72 63 96 67 33 -21 21 -110 17 -80 -175 -134 -136 -135 -154 31 -185 27 42 81 80 45 12 -45 -165 67 -108 -60 -30 -42 -137 -95 -181 146 17 139 156 102 79 99 23 40 143 12 154 21 -61 -44 -37 131 5 166 -109 159 -67 37 75 84 194 65 192 -178 88 -138 74 -47 5699937.82841795 1.6714401761212386E7 201.1982700025352 0.0 
65 -56 86 -107 -136 34 -134 91 -35 -55 -145 52 -103 -145 53 -79 9 95 65 33 -24 24 -97 21 -77 -92 -135 -132 -123 -176 57 -124 26 45 82 78 -87 -89 -93 -139 146 -108 -51 -31 -42 -137 -122 -162 145 11 167 139 104 79 92 119 43 178 21 156 40 -36 -44 -124 133 33 165 -108 170 -52 51 76 67 194 48 120 -187 65 -117 74 -50 6546974.723491008 7577618.254561836 76.68269748305532 0.0 
66 -56 96 -105 -133 37 -138 97 -34 -55 -145 52 53 -144 52 -75 71 96 66 33 -22 21 -99 18 -78 -181 -132 -136 -136 -154 30 -184 22 44 81 80 47 12 -45 -161 66 -119 -62 -30 -42 -137 -96 -174 145 17 139 157 101 79 99 23 30 143 12 132 21 -61 -44 -36 132 5 165 -109 159 -65 36 75 85 194 67 185 -178 87 -138 76 -47 5919639.391135382 1.3167681435850859E7 188.52077251744836 0.0 
68 -56 68 -108 -136 34 -136 96 -35 -55 -123 51 -103 -142 53 -80 10 95 65 32 -24 23 -96 21 -75 -102 -132 -132 -124 -172 52 -125 25 45 81 78 -86 -83 -91 -141 144 -108 -51 -31 -43 -137 -118 -144 136 19 168 139 95 79 86 119 43 163 20 147 40 -36 -44 -135 134 35 161 -108 172 -81 51 77 65 194 66 123 -186 69 -117 74 -50 6517451.663961497 7697262.813243266 76.46381739931553 0.0 
67 -56 96 -105 -133 35 -138 91 -34 -55 -147 52 54 -146 54 -75 15 97 66 33 -20 21 -99 18 -79 -92 -133 -135 -138 -154 28 -185 27 42 81 78 45 12 -45 -161 56 -110 -61 -30 -42 -137 -96 -174 146 16 139 157 102 79 100 23 31 143 12 129 21 -63 -44 -36 132 5 165 -107 164 -66 36 76 84 194 -44 130 -178 88 -137 77 -47 6045702.37110595 1.1624690204332393E7 3.280307573683584E-4 0.0 
67 -56 86 -108 -136 34 -136 91 -34 -55 -124 48 -103 -145 51 -80 9 96 65 32 -20 23 -97 21 -75 -99 -132 -132 -124 -171 50 -125 26 45 79 78 -85 -83 -91 -141 137 -109 -42 -31 -42 -138 -118 -163 145 19 167 187 101 79 86 117 43 163 22 147 40 -40 -44 -135 135 35 162 -107 170 -80 51 77 65 194 47 121 -187 65 -116 74 -48 6507777.184081234 7877435.296692042 2.9074624323203053E-4 0.0 
67 -56 95 -107 -136 35 -134 91 -35 -55 -142 51 54 -144 51 -81 9 95 65 33 -20 23 -97 21 -76 -94 -135 -133 -124 -176 37 -148 27 45 79 78 -87 -89 -88 -148 96 -108 -51 -30 -44 -137 -121 -163 147 19 152 139 101 79 85 117 44 156 21 147 40 -38 -44 -135 129 35 162 -102 171 -83 53 77 65 194 20 122 -187 69 -127 74 -48 6394693.177866106 8295449.377016406 76.8070202750597 0.0 
66 -56 96 -105 -132 35 -136 91 -34 -55 -148 48 50 -146 52 -75 13 94 66 31 -22 20 -98 18 -79 -92 -132 -132 -126 -154 31 -181 20 43 86 80 104 29 -45 -160 67 -116 -60 -30 -42 -139 -95 -180 145 18 136 156 99 79 100 23 33 143 12 131 22 -61 -46 -37 135 5 166 -109 160 -64 36 76 84 193 -43 124 -175 87 -138 74 -47 6088316.137810122 1.1168690877556698E7 3.2184851928599047E-4 0.0 
105 -56 94 -108 -136 36 -136 91 -35 -55 -122 48 -103 -144 51 -81 10 95 65 32 -20 23 -97 21 -75 -101 -132 -132 -124 -172 36 -125 26 45 79 78 -85 -83 -91 -141 137 -109 -44 -31 -42 -138 -122 -145 145 38 167 187 101 80 86 117 43 163 22 147 40 -38 -44 -135 135 35 162 -111 170 -51 51 77 65 194 47 120 -187 65 -116 74 -48 6524255.349983995 7781400.5644621365 2.869934669164431E-4 0.0 
66 -56 96 -105 -132 37 -135 91 -34 -55 -150 52 53 -146 53 -79 12 95 67 30 -20 21 -100 18 -79 -93 -128 -132 -126 -152 23 -181 22 44 82 79 107 29 -28 -161 67 -114 -59 -30 -43 -138 -96 -141 111 16 139 156 102 79 102 22 33 143 12 152 22 -62 -46 -37 135 5 166 -109 156 -66 36 75 84 194 66 185 -177 95 -137 74 -50 6068939.673191597 1.1286760622994604E7 212.6360772694891 0.0 
67 -56 95 -108 -136 33 -135 97 -35 -55 -146 51 52 -145 53 -80 9 95 65 27 -21 22 -97 21 -76 -98 -135 -133 -124 -176 38 -148 26 44 79 78 96 97 -88 -140 83 -109 -58 -30 -43 -137 -121 -144 145 18 151 139 97 80 85 37 40 164 22 147 43 -39 -44 -134 135 32 164 -103 171 -82 53 76 67 193 65 122 -185 69 -116 74 -50 6259466.580274146 9550715.552147659 3.31146863719524E-4 0.0 
68 -56 95 -107 -136 34 -134 92 -34 -55 -142 48 53 -144 53 -81 9 96 65 33 -20 23 -100 22 -76 -98 -132 -132 -124 -176 39 -149 26 47 79 78 -87 -89 -89 -147 94 -108 -51 -31 -42 -137 -122 -163 146 19 145 190 104 82 85 117 44 162 21 147 40 -36 -43 -135 135 36 162 -102 171 -81 53 77 66 194 16 122 -186 71 -127 74 -48 6367072.0333355265 8540863.560030218 3.0456547767606165E-4 0.0 
66 -56 97 -105 -132 35 -136 93 -34 -55 -173 51 51 -147 53 -81 19 94 67 31 -21 21 -99 18 -79 -101 -132 -132 -125 -152 29 -180 23 44 82 82 102 23 -28 -160 67 -114 -62 -30 -42 -138 -95 -181 145 16 139 157 101 79 102 22 27 146 12 128 14 -34 -44 -36 134 7 166 -109 157 -66 36 75 83 195 66 121 -180 85 -137 74 -47 6138265.926325132 1.0659098590459637E7 15.497764747325382 0.0 
65 -56 96 -105 -133 35 -135 96 -34 -55 -147 52 51 -146 49 -77 72 96 66 31 -19 21 -99 18 -80 -184 -132 -136 -136 -154 30 -184 21 44 78 80 47 12 -45 -161 50 -117 -62 -31 -42 -137 -96 -191 145 16 139 156 101 79 100 23 29 140 12 154 21 -61 -44 -37 131 5 166 -99 159 -66 36 75 84 194 65 182 -177 88 -138 73 -47 5859316.321726785 1.4076706140113624E7 189.48621818650352 0.0 
67 -56 95 -107 -137 34 -134 97 -34 -55 -143 51 52 -144 53 -81 9 95 65 27 -21 22 -97 21 -75 -98 -135 -132 -124 -176 40 -149 26 44 92 78 104 106 -88 -141 96 -109 -51 -31 -44 -137 -122 -147 145 18 151 189 99 80 85 38 40 162 21 147 43 -38 -44 -136 134 33 162 -102 171 -80 54 76 66 193 63 122 -187 71 -127 74 -50 6238315.360925823 9747885.323542576 3.3799221214601203E-4 0.0 
66 -56 96 -105 -133 35 -135 96 -34 -55 -147 52 53 -145 56 -75 71 96 63 33 -21 21 -98 18 -78 -182 -133 -135 -137 -155 28 -181 22 44 79 80 46 8 -45 -161 53 -115 -60 -30 -43 -137 -96 -174 148 14 139 156 99 79 100 24 33 143 12 128 21 -61 -46 -37 135 5 165 -107 154 -66 36 76 84 195 -53 125 -160 87 -137 74 -47 5973675.431399673 1.246146291812469E7 3.2801657575928463E-4 0.0 
65 -56 96 -105 -133 35 -136 93 -34 -55 -141 52 56 -146 58 -76 13 96 67 31 -20 20 -99 17 -80 -94 -132 -132 -126 -153 29 -188 22 44 81 80 98 28 -29 -161 66 -116 -62 -30 -45 -137 -96 -139 108 18 139 157 101 79 100 29 41 138 12 129 21 -60 -44 -36 133 5 165 -111 156 -66 36 76 84 194 66 119 -191 74 -137 74 -51 6158252.089678144 1.0392133634461498E7 29.760755909576012 0.0 
66 -56 95 -105 -132 35 -138 91 -34 -55 -147 51 56 -146 53 -74 15 94 66 31 -20 20 -99 18 -81 -94 -132 -132 -136 -154 28 -180 20 44 82 79 98 29 -46 -164 67 -117 -57 -30 -42 -137 -96 -141 108 18 139 156 104 79 100 28 36 143 12 132 21 -61 -45 -37 135 5 166 -109 160 -66 36 76 84 195 66 121 -178 75 -137 74 -47 6155385.8367122905 1.0537050855642915E7 3.4423052465577824E-4 0.0 
65 -56 96 -105 -133 35 -135 91 -34 -55 -147 52 53 -147 54 -75 71 96 63 31 -22 21 -99 18 -80 -175 -133 -135 -139 -154 32 -150 23 43 79 80 45 14 -45 -163 65 -115 -60 -30 -44 -137 -96 -173 109 16 139 156 102 79 100 22 33 140 12 125 21 -61 -44 -37 132 5 166 -110 159 -67 36 75 83 195 67 122 -179 88 -137 74 -47 5987870.886049525 1.2280481236454885E7 3.636238084930186E-4 0.0 
65 -56 96 -105 -133 35 -136 91 -34 -55 -146 52 54 -147 53 -75 72 97 66 33 -22 21 -99 17 -80 -180 -134 -135 -137 -155 26 -185 20 43 81 80 43 12 -45 -161 68 -114 -61 -31 -42 -137 -96 -175 146 16 139 156 102 79 100 24 32 143 12 129 21 -60 -44 -37 135 6 166 -109 157 -66 36 76 85 194 -42 130 -178 88 -137 74 -47 5968386.441183905 1.2506158630626163E7 3.379931592482642E-4 0.0 
65 -56 97 -105 -124 37 -137 97 -34 -55 -147 51 51 -195 54 -77 71 96 63 34 -21 21 -99 17 -81 -182 -132 -136 -139 -154 30 -186 28 41 81 80 45 13 -45 -161 53 -107 -62 -30 -42 -137 -95 -179 145 14 139 156 99 79 99 23 33 143 12 154 21 -61 -44 -37 131 6 165 -107 157 -67 36 75 84 194 65 191 -179 89 -137 74 -47 5728368.48241808 1.6340343442301173E7 199.86937021531963 0.0 
65 -56 96 -105 -133 35 -138 97 -34 -55 -147 52 54 -145 54 -75 72 96 63 33 -21 21 -109 17 -80 -181 -132 -136 -140 -154 30 -185 28 44 81 80 46 12 -45 -161 67 -109 -62 -31 -42 -137 -96 -178 145 16 139 157 102 79 99 22 41 143 12 154 22 -61 -44 -37 130 5 162 -109 150 -67 36 75 84 194 66 182 -177 88 -138 74 -47 5789344.68418645 1.5243849227656055E7 125.98279484234378 0.0 
68 -56 94 -108 -136 34 -136 91 -35 -55 -141 51 58 -144 53 -81 8 95 65 27 -20 22 -97 21 -75 -93 -135 -132 -124 -172 39 -149 26 47 78 79 108 102 -89 -141 79 -108 -51 -31 -43 -136 -123 -162 145 17 166 193 97 79 85 118 44 161 21 147 41 -37 -44 -134 134 36 164 -102 171 -79 53 76 65 194 18 121 -194 71 -118 74 -48 6188891.469077704 1.0231093335289435E7 3.314752473339259E-4 0.0 
65 -56 99 -105 -125 37 -136 96 -34 -55 -147 52 52 -197 56 -79 63 96 66 25 -21 21 -100 18 -83 -173 -132 -136 -136 -154 28 -184 21 41 81 80 45 12 -44 -164 67 -108 -62 -30 -42 -137 -95 -179 147 16 139 157 100 79 99 23 39 143 12 154 21 -61 -44 -37 131 5 165 -110 155 -64 37 75 85 194 -49 132 -180 88 -137 76 -47 5729195.742931911 1.6458689542456614E7 3.9563251273941807E-4 0.0 
65 -56 96 -105 -133 35 -137 91 -34 -55 -147 51 53 -146 53 -77 71 96 63 33 -21 20 -100 18 -78 -173 -132 -136 -137 -154 29 -189 29 44 81 80 44 13 -45 -161 67 -109 -61 -31 -42 -137 -96 -181 145 14 139 156 102 79 101 22 40 143 12 127 21 -61 -44 -37 134 6 166 -109 156 -66 36 75 84 194 -34 130 -177 88 -137 74 -47 5859090.906140685 1.4167865648941789E7 3.5869954219010095E-4 0.0 
67 -56 95 -107 -136 33 -135 93 -34 -55 -146 51 52 -144 53 -81 9 95 65 27 -20 22 -97 21 -75 -98 -132 -133 -124 -176 39 -148 26 45 79 78 101 106 -91 -141 94 -108 -52 -31 -43 -137 -121 -147 145 18 151 136 100 80 85 119 40 161 21 147 43 -38 -43 -134 134 36 164 -103 172 -80 54 77 67 193 16 122 -185 68 -116 74 -50 6245698.079294937 9556750.890177373 78.2172665150041 0.0 
65 -56 97 -105 -133 35 -138 91 -34 -55 -147 52 54 -145 54 -78 62 96 63 33 -22 21 -100 17 -80 -174 -133 -136 -137 -154 30 -184 28 44 81 79 47 12 -45 -161 53 -107 -61 -30 -42 -137 -96 -179 145 16 139 156 102 79 100 22 29 143 12 154 21 -60 -44 -37 132 5 151 -109 150 -67 36 75 84 194 67 187 -194 88 -138 76 -47 5789291.852257579 1.5185609741454588E7 141.1785107398281 0.0 
67 -56 93 -105 -133 35 -138 96 -34 -55 -147 51 54 -145 56 -74 71 96 63 34 -22 21 -111 17 -80 -174 -132 -136 -138 -154 30 -184 28 43 81 80 45 12 -45 -161 52 -108 -61 -30 -42 -137 -96 -179 151 16 139 156 102 79 99 21 34 143 12 154 21 -61 -44 -36 132 5 164 -109 165 -66 36 75 84 194 72 188 -47 106 -138 76 -47 5749599.478027285 1.6156472807081578E7 3.961507324394523E-4 0.0 
66 -56 96 -105 -133 35 -138 91 -34 -55 -145 52 53 -144 52 -75 71 96 66 33 -22 21 -99 18 -80 -181 -132 -136 -136 -154 30 -184 22 44 81 79 46 13 -45 -161 66 -107 -62 -30 -42 -137 -96 -174 145 17 139 157 101 79 99 21 30 143 12 154 21 -61 -44 -36 132 5 151 -109 159 -65 36 75 84 194 67 184 -178 87 -138 76 -47 5829156.251319402 1.4570002912231112E7 125.82330779922817 0.0 
66 -56 95 -105 -132 35 -136 93 -34 -55 -141 53 56 -147 47 -76 13 94 67 31 -20 20 -98 17 -79 -94 -132 -132 -126 -153 28 -179 22 44 94 79 103 29 -29 -161 67 -111 -57 -31 -42 -139 -96 -138 110 18 141 157 104 79 100 28 41 142 12 130 22 -35 -45 -36 133 5 165 -109 160 -66 36 76 84 194 66 121 -192 74 -137 74 -47 6184615.649964208 1.0193319059724735E7 29.158499975870495 0.0 
65 -56 96 -105 -133 35 -135 91 -34 -55 -147 52 54 -147 56 -75 71 97 66 33 -22 21 -99 18 -82 -172 -134 -136 -136 -154 29 -185 20 42 81 80 44 12 -45 -167 64 -114 -61 -30 -43 -137 -96 -173 144 16 139 156 103 79 100 22 32 143 12 129 21 -61 -44 -36 135 6 166 -107 157 -66 36 76 84 190 -41 130 -158 105 -137 76 -47 5959194.695838488 1.2701634167499274E7 3.2973093183129174E-4 0.0 
66 -56 96 -105 -124 35 -135 96 -34 -55 -147 51 51 -196 54 -77 72 96 67 34 -21 20 -99 18 -81 -180 -132 -135 -137 -154 29 -189 26 41 82 80 47 13 -45 -160 55 -105 -61 -31 -42 -137 -96 -181 145 16 139 156 104 79 99 24 33 141 12 154 21 -61 -44 -37 134 6 166 -109 156 -67 36 73 84 194 65 182 -177 87 -137 74 -47 5738612.038211741 1.6276861309719848E7 190.22481507643005 0.0 
65 -56 96 -105 -133 35 -136 96 -34 -55 -147 51 53 -144 54 -74 71 96 66 33 -20 20 -100 18 -79 -174 -132 -136 -139 -154 31 -183 28 42 81 80 48 12 -45 -161 59 -108 -59 -30 -42 -137 -95 -181 145 16 139 156 103 79 100 21 33 143 12 154 19 -61 -44 -37 132 5 165 -107 157 -66 36 75 84 194 -34 129 -176 87 -137 74 -47 5878477.473521361 1.3858560583974656E7 3.4906495623014905E-4 0.0 
66 -56 95 -105 -133 35 -145 93 -34 -55 -140 53 56 -147 51 -76 13 94 67 31 -22 20 -99 17 -79 -94 -131 -132 -126 -153 28 -183 22 44 82 79 114 23 -30 -161 66 -114 -57 -30 -42 -137 -96 -137 111 16 141 157 102 79 100 22 41 143 12 126 21 -36 -44 -37 135 5 165 -108 160 -66 36 76 84 194 66 121 -198 85 -137 74 -50 6156973.757729615 1.0468042681286516E7 25.85491702722847 0.0 
65 -56 96 -105 -133 35 -136 96 -34 -55 -147 51 54 -145 54 -74 64 96 67 31 -21 21 -99 18 -78 -176 -133 -136 -136 -154 29 -195 27 43 81 80 47 12 -45 -161 55 -108 -60 -31 -42 -137 -96 -178 145 14 139 156 104 79 99 24 42 141 12 154 21 -61 -44 -37 132 5 165 -107 157 -67 35 75 84 194 70 127 -180 87 -138 74 -47 5799722.039014776 1.5177665462285694E7 4.1121662161600786E-4 0.0 
66 -56 96 -105 -132 35 -136 91 -34 -55 -147 53 50 -147 53 -75 13 95 66 31 -22 20 -98 18 -79 -92 -132 -132 -136 -154 30 -181 20 44 81 80 106 29 -45 -161 67 -116 -62 -30 -42 -139 -95 -180 145 17 136 158 99 79 100 23 33 143 12 130 22 -61 -46 -37 133 4 166 -109 160 -64 36 76 84 194 -46 124 -175 87 -128 74 -47 6078730.014994901 1.123287719499988E7 3.1950616207308027E-4 0.0 
66 -56 96 -105 -133 36 -136 96 -34 -55 -147 52 53 -145 53 -76 71 96 66 33 -20 20 -98 18 -69 -171 -132 -135 -136 -154 30 -181 28 42 81 80 47 13 -45 -161 59 -109 -59 -30 -42 -137 -96 -181 149 14 139 156 100 79 100 23 33 143 12 155 19 -60 -44 -37 134 5 165 -107 156 -67 36 76 84 195 -50 125 -175 87 -137 74 -47 5889857.8145503625 1.3759685363373162E7 3.465445893717314E-4 0.0 
65 -56 96 -105 -133 35 -138 97 -34 -55 -147 52 54 -146 53 -74 63 96 63 34 -21 21 -99 17 -80 -173 -133 -136 -137 -154 30 -181 28 44 81 80 46 13 -45 -161 50 -109 -61 -31 -42 -137 -96 -178 145 16 139 157 102 79 100 22 30 143 12 154 21 -61 -44 -37 131 5 163 -107 150 -67 36 75 84 195 67 182 -177 88 -137 74 -47 5799184.464238466 1.5077105511671022E7 126.64676874688458 0.0 
66 -56 96 -105 -133 35 -138 91 -34 -55 -147 52 54 -145 54 -75 16 97 66 33 -21 21 -97 18 -79 -92 -133 -135 -136 -154 32 -181 26 44 81 80 45 12 -45 -161 54 -111 -60 -30 -43 -137 -95 -174 146 16 139 157 105 79 100 23 33 143 12 129 21 -63 -46 -37 132 5 165 -107 164 -66 35 76 84 194 -39 130 -176 103 -137 76 -47 6029608.1841658335 1.1835614348899055E7 3.26878813366995E-4 0.0 
65 -56 96 -105 -133 35 -136 96 -34 -55 -147 53 53 -147 54 -78 64 96 66 31 -20 21 -100 17 -80 -174 -133 -136 -135 -154 31 -151 28 43 78 80 47 13 -45 -161 55 -108 -61 -31 -42 -137 -95 -178 145 16 139 156 104 79 87 24 33 143 12 154 21 -60 -44 -37 132 5 165 -109 157 -66 36 75 84 194 67 184 -177 88 -138 73 -47 5759667.97548698 1.5687319107584324E7 190.97554400550575 0.0 
66 -56 96 -105 -133 34 -135 91 -34 -55 -147 51 54 -146 53 -77 71 96 67 31 -22 21 -99 18 -79 -176 -132 -136 -136 -154 36 -194 21 43 81 80 45 14 -45 -161 64 -108 -60 -31 -42 -137 -95 -179 144 16 139 156 100 79 99 22 33 143 12 130 21 -61 -44 -37 132 5 168 -107 158 -88 36 75 84 196 66 193 -50 106 -138 76 -50 5769954.914123542 1.5728858090830969E7 3.883992297549841E-4 0.0 
65 -56 95 -105 -133 35 -136 93 -34 -55 -140 52 56 -147 51 -76 13 96 67 31 -20 20 -98 17 -80 -96 -132 -132 -126 -153 28 -152 22 44 82 80 114 23 -30 -161 66 -110 -57 -30 -42 -137 -96 -137 109 16 141 156 102 79 100 21 41 143 12 130 21 -36 -44 -37 135 6 165 -108 160 -66 36 76 83 194 66 121 -180 85 -137 74 -47 6139422.140720183 1.0526264152503077E7 28.92501791756335 0.0 
66 -56 96 -105 -133 35 -135 96 -34 -55 -147 52 51 -146 52 -74 72 96 66 33 -21 21 -100 18 -80 -180 -132 -136 -137 -154 30 -189 28 44 82 80 47 13 -45 -164 55 -105 -62 -31 -42 -137 -96 -174 145 14 139 156 101 79 116 24 43 143 12 154 21 -61 -44 -37 132 6 166 -109 157 -67 36 75 84 194 65 182 -177 88 -137 74 -47 5817830.940203607 1.4656658031785566E7 188.24056203902873 0.0 
66 -56 95 -105 -132 35 -138 91 -34 -55 -147 52 50 -147 53 -74 15 94 66 31 -20 20 -99 18 -81 -94 -132 -132 -137 -154 28 -180 20 44 82 79 98 29 -46 -164 67 -117 -62 -30 -42 -137 -96 -141 108 18 136 157 104 79 100 28 33 143 12 132 21 -61 -45 -37 135 5 166 -109 160 -66 35 76 84 195 65 121 -178 97 -137 74 -47 6138029.330422192 1.0783669035729062E7 3.4293993384667827E-4 0.0 
67 -56 86 -108 -136 38 -136 91 -34 -55 -145 51 -102 -145 53 -82 9 95 65 26 -21 22 -97 21 -75 -98 -138 -132 -124 -176 60 -125 26 47 79 78 -87 -83 -92 -140 143 -108 -51 -30 8 -139 -118 -161 142 34 147 144 102 80 86 118 43 162 22 147 41 -38 -44 -135 132 35 162 -108 171 -80 53 76 64 194 22 122 -187 72 -115 74 -48 6568466.567125658 7582196.289312856 2.826743074752402E-4 0.0 
67 -56 95 -108 -136 33 -135 97 -35 -55 -146 51 52 -144 53 -80 9 95 65 27 -20 22 -99 21 -75 -98 -132 -132 -124 -176 37 -150 26 45 79 78 103 97 -92 -141 90 -109 -51 -31 -43 -137 -122 -144 146 18 151 138 92 82 85 119 40 164 20 147 43 -38 -43 -135 134 32 164 -103 172 -82 53 76 65 193 65 122 -185 69 -126 74 -50 6247570.123560035 9495985.219722161 79.67180592910476 0.0 
69 -56 96 -105 -133 34 -135 96 -34 -55 -147 52 54 -147 54 -77 64 96 63 33 -21 18 -99 18 -79 -180 -134 -135 -138 -154 28 -189 28 44 82 80 47 13 -45 -160 55 -107 -60 -31 -42 -137 -96 -177 145 16 139 156 101 79 99 24 34 143 12 155 21 -61 -44 -37 132 6 166 -109 157 -67 36 75 85 194 66 181 -177 87 -138 74 -47 5797371.4973366745 1.4969700978915667E7 188.23272962642562 0.0 
65 -56 99 -105 -126 37 -135 95 -34 -55 -147 52 54 -198 56 -78 64 96 66 33 -21 21 -99 18 -83 -172 -132 -136 -136 -154 29 -184 28 43 81 80 45 13 -45 -161 67 -108 -62 -30 -42 -137 -96 -179 146 16 139 157 104 79 99 21 31 152 12 154 17 -61 -44 -37 131 5 165 -109 157 -65 36 75 85 194 67 187 -178 87 -138 76 -47 5719504.025508711 1.6598733416949237E7 130.51609265043646 0.0 
66 -56 96 -105 -133 36 -136 96 -34 -55 -147 51 54 -145 53 -76 62 96 63 31 -19 21 -99 17 -80 -180 -133 -135 -136 -154 31 -152 27 44 81 79 47 12 -45 -162 68 -116 -60 -31 -42 -137 -95 -174 147 16 139 156 100 79 99 23 39 140 12 154 21 -62 -44 -37 134 5 165 -109 157 -65 35 76 84 193 64 184 -177 87 -137 74 -47 5888343.934954281 1.3573550946131628E7 188.0209524953854 0.0 
66 -56 95 -105 -132 35 -135 93 -34 -55 -141 53 56 -147 52 -74 12 94 66 31 -22 20 -98 18 -81 -95 -132 -132 -136 -154 28 -180 20 44 82 79 103 29 -46 -161 67 -117 -61 -30 -42 -139 -96 -141 110 16 141 156 104 79 100 22 38 143 12 129 21 -36 -45 -37 133 5 166 -109 160 -66 36 76 84 195 66 121 -191 75 -137 74 -47 6178264.43526304 1.0379058709803713E7 3.469757134081209E-4 0.0 
65 -56 95 -105 -133 35 -145 91 -34 -55 -140 52 56 -147 51 -76 13 96 67 31 -22 20 -98 17 -79 -94 -132 -132 -126 -153 28 -151 22 44 82 79 114 23 -30 -161 66 -114 -57 -30 -42 -137 -96 -137 111 16 141 157 102 79 100 22 41 143 12 126 21 -35 -44 -37 134 5 165 -108 160 -66 36 76 84 194 66 121 -193 85 -137 74 -50 6148194.263881872 1.0522277544337228E7 26.09060128401147 0.0 
66 -56 95 -105 -132 35 -136 91 -34 -55 -141 53 56 -147 53 -74 12 94 66 31 -20 20 -98 18 -81 -94 -132 -132 -136 -154 28 -180 20 44 90 79 98 29 -46 -164 67 -117 -57 -30 -42 -137 -96 -141 108 18 141 156 104 79 100 22 36 143 12 129 22 -35 -45 -37 135 5 166 -109 160 -66 36 76 84 195 66 121 -178 75 -137 74 -47 6166827.873715984 1.0409909079191485E7 3.4093082645029083E-4 0.0 
68 -56 95 -107 -136 34 -134 92 -34 -55 -143 53 58 -144 53 -81 9 95 65 33 -20 23 -97 22 -75 -102 -132 -132 -124 -176 39 -149 26 47 79 78 -87 -89 -89 -147 94 -108 -51 -31 -42 -137 -123 -163 146 19 145 190 104 82 85 117 44 162 21 147 40 -36 -44 -135 135 33 162 -102 171 -81 53 77 66 194 16 121 -186 71 -116 74 -48 6339748.16468747 8818962.062897723 3.0571209656615853E-4 0.0 
65 -56 96 -105 -120 116 -138 96 -34 -55 -147 50 53 -194 54 -76 71 96 66 33 -21 21 -100 17 -80 -174 -133 -136 -137 -154 30 -184 27 44 81 80 48 14 -45 -161 58 -108 -59 -30 -42 -137 -96 -189 145 14 139 162 99 79 100 21 39 141 12 154 19 -62 -44 -37 132 6 165 -107 157 -66 36 75 84 193 -30 129 -176 88 -137 74 -47 5717696.491527008 1.6666895620843748E7 3.9036418366938117E-4 0.0 
65 -56 96 -105 -133 35 -137 91 -34 -55 -147 51 53 -144 53 -74 71 96 63 33 -19 20 -100 18 -78 -173 -132 -136 -136 -154 28 -182 20 44 81 80 44 13 -45 -161 67 -109 -61 -30 -42 -137 -96 -181 145 16 139 156 102 79 101 22 40 143 12 127 21 -61 -44 -36 134 5 166 -109 156 -65 36 75 84 194 -34 130 -176 88 -137 74 -47 5829337.978107878 1.4614581976144314E7 3.579218128911009E-4 0.0 
65 -56 96 -105 -133 35 -135 91 -34 -55 -145 51 53 -146 53 -74 71 96 66 33 -20 21 -99 18 -80 -171 -132 -136 -136 -154 31 -150 26 43 81 80 47 13 -44 -161 66 -114 -59 -30 -42 -137 -96 -173 146 16 139 156 104 79 100 22 33 143 12 155 21 -61 -44 -36 134 5 166 -110 157 -66 36 76 85 194 -50 126 -173 88 -138 74 -47 5919198.815035845 1.3276842880260719E7 3.4051423243932976E-4 0.0 
68 -56 94 -108 -136 35 -136 91 -35 -55 -141 51 51 -144 53 -81 8 95 65 27 -20 22 -100 21 -73 -98 -135 -132 -124 -172 39 -148 26 47 78 79 96 102 -89 -141 79 -108 -51 -31 -42 -136 -121 -145 145 17 166 193 97 79 85 118 44 162 20 147 41 -37 -44 -134 134 36 164 -102 171 -79 53 76 65 194 18 121 -194 71 -118 74 -48 6209727.272496639 9891068.774628775 3.2608155084503786E-4 0.0 
66 -56 97 -105 -132 35 -136 93 -34 -55 -173 51 51 -147 53 -65 19 94 66 31 -21 21 -99 18 -79 -101 -132 -132 -125 -152 29 -180 23 44 81 82 102 23 -28 -160 67 -114 -62 -30 -42 -138 -95 -181 145 16 139 157 101 79 102 22 27 141 12 128 14 -34 -44 -36 134 5 166 -109 157 -66 36 75 83 195 66 121 -180 85 -137 74 -47 6129347.281516232 1.0770788366245518E7 15.51673996669153 0.0 
65 -56 97 -105 -124 35 -136 91 -34 -55 -145 51 54 -198 56 -73 71 96 66 33 -20 20 -100 17 -79 -175 -134 -136 -136 -154 29 -182 22 44 81 80 45 14 -45 -161 68 -108 -61 -30 -42 -137 -96 -180 145 17 139 157 104 79 99 23 42 143 12 129 19 -61 -44 -36 132 5 165 -107 157 -67 37 75 85 193 66 195 -54 105 -137 76 -47 5699568.564578847 1.708434492511364E7 4.1465038461505527E-4 0.0 
65 -56 96 -105 -133 35 -135 91 -34 -55 -147 52 53 -147 53 -75 63 96 67 33 -21 21 -99 18 -80 -171 -132 -135 -136 -154 31 -150 26 43 81 80 46 13 -44 -161 66 -108 -59 -31 -42 -137 -96 -173 145 16 139 156 104 79 100 22 33 143 12 126 21 -60 -44 -37 134 5 166 -110 157 -65 36 75 85 194 -50 122 -173 88 -138 74 -47 5898675.163223336 1.353209515438972E7 3.449080000409695E-4 0.0 
67 -56 96 -105 -124 37 -135 91 -34 -55 -147 51 54 -190 55 -74 64 96 66 33 -22 21 -98 18 -79 -174 -134 -136 -136 -154 29 -181 27 42 82 80 47 13 -46 -161 67 -108 -61 -30 -42 -137 -96 -178 145 14 139 156 99 79 99 24 33 141 12 154 21 -61 -44 -37 132 5 165 -107 156 -67 36 76 84 194 -34 132 -161 87 -137 74 -47 5739204.451514266 1.6334654600603197E7 3.832140810776664E-4 0.0 
#
