#
#   Running algorithm eNSGAII on 10000000 nfe, with population size of 50.0, with epsilon values [10000.0, 100000.0, 0.1, 0.00001], with pm set to 0.02, 20.0, with injection rate of 0.25, with sbx set to 1.0, 15.0, with 81 controls varying between -199.0 and 199.0 for cell (6,6).
-20 64 -58 -97 -58 -94 15 -139 121 -129 -11 176 -44 43 -43 78 -26 -79 55 108 74 -45 128 -44 78 -62 -137 -73 13 36 -52 191 8 -31 -111 -124 -65 -14 -24 -85 170 -77 -104 -111 -139 -64 76 92 -49 150 63 63 -55 -79 -79 -66 74 -49 24 114 198 -6 -42 55 159 20 -57 -41 91 195 46 -58 -114 62 -59 -86 -62 -23 80 -65 170 7596576.834560462 4574947.257809784 1.8199470745949617E-4 0.0 
35 134 25 -116 79 -114 48 -112 127 -75 -170 105 -84 164 -73 51 -63 11 71 124 47 -72 130 -65 59 -104 -135 -55 15 12 11 185 17 47 84 113 -155 -120 -92 -179 -156 -102 -164 -155 -111 122 106 84 -23 168 28 75 71 99 3 -79 96 -188 16 -179 -38 -90 -56 125 183 127 -100 2 -131 72 -43 58 0 -89 52 -106 15 -90 160 -61 184 5666720.6717631025 1.8371173495234422E7 381.67693001582876 0.0 
35 134 25 -116 79 -116 52 -112 127 -76 -175 105 -85 162 -72 51 -63 11 70 124 47 -73 130 -166 23 -104 -134 -55 15 7 3 190 13 50 82 114 -154 -121 -92 -181 -157 -103 -164 -157 -112 122 106 85 -27 168 28 75 71 98 3 -90 104 -197 17 -180 -38 -134 -56 125 175 126 -100 2 -133 70 -44 57 1 -99 52 -106 15 -90 160 -60 184 5638967.703543791 1.9478533101781778E7 191.769690561885 0.0 
-22 92 42 -103 -59 -87 38 -147 46 -136 22 152 -36 56 -35 104 -83 -72 71 144 64 -43 150 -56 73 103 53 -104 -38 65 -36 158 22 -32 -111 -110 -99 -97 -85 -80 159 -77 -58 -133 -137 26 105 73 -90 149 92 78 60 97 -88 -106 -13 -69 38 -58 134 -64 -44 62 151 19 -61 4 -52 127 6 60 -84 66 -101 -103 -6 -45 78 -38 192 7037854.988798271 6577073.389776571 2.044691015934769E-4 0.0 
-20 64 -58 -97 -50 -95 15 -139 121 -129 -11 171 -44 43 -43 78 -26 -82 55 108 74 -44 128 -46 77 -28 -137 -67 13 36 -55 189 8 -34 -111 -121 -64 -14 -24 -85 171 -77 -104 -111 -139 -64 73 92 -49 152 63 63 -55 -79 -79 -66 74 -49 24 114 198 -5 -42 55 160 20 -62 -44 91 195 48 -58 -112 63 -59 -87 -60 -23 80 -65 169 7555941.697966656 4687131.641306985 1.8331299433110423E-4 0.0 
-20 64 -58 -97 -51 -94 15 -139 122 -129 -11 177 -44 43 -43 78 -24 -82 55 108 74 -45 125 -40 78 94 -136 -73 13 36 -55 189 8 -34 -111 -121 -65 -17 -24 -85 171 -76 -104 -111 -139 -63 73 93 -49 150 63 63 -54 -80 -79 -66 74 -49 24 107 197 -6 -41 55 181 20 -58 -41 90 195 46 -58 -112 63 -59 -87 -60 -23 80 -65 177 7498851.550166357 4798654.317177807 1.872134417022759E-4 0.0 
35 134 28 -114 77 -114 53 -110 128 -76 -170 104 -82 164 -73 52 -63 11 73 125 45 -169 127 -162 50 -112 -135 -56 30 37 -89 169 15 45 68 119 -153 -169 -72 -184 -162 -92 -172 -168 -111 100 104 84 -19 177 37 94 71 123 0 -76 98 -190 17 -179 14 -174 -58 123 179 126 -103 2 -136 89 -22 46 1 -98 46 -106 15 -88 170 -54 184 5649406.739647771 2.037056834783663E7 3.6733812746576867E-4 0.0 
-23 89 31 -87 35 -85 54 -115 46 -129 25 153 -79 66 -80 114 -71 -72 31 146 54 -58 171 -55 73 93 54 -107 27 40 -27 182 -24 -28 -110 -99 -97 -105 -70 -127 191 -134 -117 -136 -143 37 112 81 -56 44 -117 96 54 98 -76 -100 -12 -127 56 -73 140 -72 -47 58 151 21 -80 39 -70 128 -37 68 -93 128 8 -51 71 -49 76 -40 196 6497966.5059079295 8097289.84426887 42.776735872247045 0.0 
35 134 25 -116 76 -115 52 -112 128 -75 -171 105 -83 163 -72 51 -63 11 71 124 46 -72 130 -164 24 -104 -136 -55 15 7 14 185 17 51 91 113 -154 -121 -92 -179 -157 -101 -166 -166 -109 122 106 85 -23 168 28 75 71 99 3 -88 96 -190 16 -179 -38 -89 -56 125 176 127 -101 2 -134 70 -44 58 -1 -89 52 -106 15 -90 160 -61 184 5659855.968758008 1.863937229137207E7 228.59850275019048 0.0 
35 133 25 -116 78 -110 53 -112 127 -75 -171 106 -83 161 -72 52 -64 12 72 124 46 -72 128 -64 56 -100 -137 -56 15 12 7 192 20 59 89 114 -157 -122 -92 -181 -166 -87 -119 -126 -138 101 107 83 -22 165 29 75 69 98 2 -92 96 -193 22 -179 132 -132 -56 125 180 128 -101 2 -134 68 -48 57 -2 -99 50 -106 15 -90 116 -54 188 5809257.484199856 1.5794613152663995E7 67.84904938266197 0.0 
-23 104 31 -87 -34 -85 55 -115 45 -108 27 154 -78 59 -80 114 -72 -72 72 146 67 -58 149 -55 64 90 55 -102 -66 -31 -57 181 -62 -30 -110 -100 -100 -80 -67 -127 177 -134 -120 -136 -140 45 109 81 -55 47 -117 92 54 98 -75 -100 -25 -126 55 -73 140 -72 -47 60 152 21 -80 40 -70 128 -37 68 -93 126 8 -51 8 -48 76 -36 197 6758992.250844063 6983123.386238025 1.734248532377808E-4 0.0 
35 134 28 -114 77 -114 53 -110 128 -76 -170 104 -82 164 -73 52 -63 9 73 125 45 -169 127 -166 50 -112 -135 -55 30 37 -89 169 12 45 68 118 -151 -169 -72 -184 -163 -93 -172 -166 -110 120 104 85 -32 177 43 72 71 123 0 -84 97 -190 17 -178 15 -173 -58 123 179 126 -103 2 -134 88 -22 46 -5 -95 46 -106 15 -88 170 -53 184 5629573.806421879 2.080853238356668E7 109.88562871920017 0.0 
34 133 26 -114 77 -111 51 -112 128 -75 -175 104 -83 164 -73 50 -61 10 72 124 47 -72 130 -70 59 -105 -136 -55 15 8 5 181 19 58 89 113 -155 -120 -94 -178 -166 -88 -120 -124 -137 122 106 85 -27 164 26 74 70 96 3 -77 96 -188 21 -178 140 -133 -56 125 176 124 -99 2 -134 58 -47 56 0 -86 47 -106 15 -90 160 -58 183 5808613.056121144 1.5590730919907518E7 182.61012383439052 0.0 
35 134 28 -114 77 -114 53 -110 128 -76 -170 104 -82 164 -73 52 -63 10 73 125 45 -169 127 -166 50 -112 -135 -54 30 37 -89 169 15 45 68 119 -151 -169 -72 -184 -163 -92 -172 -168 -111 100 104 85 -28 177 37 94 71 123 0 -84 98 -190 17 -179 14 -173 -58 123 179 126 -103 2 -134 89 -22 46 1 -95 46 -106 15 -88 170 -54 186 5637610.783777357 2.0630042158893123E7 3.6981728164159057E-4 0.0 
-23 64 -58 -96 -51 -95 15 -139 121 -129 -11 177 -44 43 -43 80 -26 -79 55 109 73 -45 125 -46 78 107 49 -69 15 36 -52 189 8 -34 -111 -124 -64 -14 -24 -85 170 -74 -104 -112 -139 -64 76 94 -47 150 63 63 -52 -79 -79 -58 74 -49 24 114 198 -6 -41 55 180 20 -58 -40 87 195 46 -57 -112 63 -59 -87 -62 -23 80 -65 181 7439400.348029016 4881097.002423688 1.829869711299547E-4 0.0 
35 134 28 -114 78 -114 53 -110 128 -76 -170 104 -82 164 -73 52 -63 11 73 125 45 -167 127 -161 50 -112 -135 -31 30 37 -90 169 15 45 67 119 -106 -169 -72 -184 -167 -92 -172 -168 -111 126 103 84 -18 177 43 94 72 123 0 -84 97 -190 17 -179 14 -173 -58 123 179 126 -103 2 -138 89 -21 46 -4 -95 46 -106 15 -88 170 -54 184 5626847.200002327 2.1061320542226978E7 3.6273373622912433E-4 0.0 
-20 64 -58 -96 -51 -94 16 -139 121 -130 -11 171 -44 43 -43 78 -26 -79 55 109 73 -34 125 -46 71 109 50 -44 15 36 -51 189 8 -31 -111 -99 -64 -12 -24 -85 171 -73 -104 -134 -139 -26 76 93 -49 149 69 63 -53 -80 -79 -110 74 -46 24 107 193 -6 -42 55 175 20 -58 -41 90 195 46 -57 -90 62 -59 -87 -61 -26 81 -68 167 7337791.307908645 5164240.272390422 28.726993799513085 0.0 
35 133 26 -114 76 -109 50 -112 129 -75 -175 105 -83 164 -73 50 -63 10 72 124 46 -72 132 -63 57 -105 -135 -55 15 8 3 181 19 58 89 114 -156 -121 -94 -181 -166 -88 -120 -125 -137 128 106 84 -27 159 28 74 70 96 3 -78 93 -188 21 -178 139 -135 -56 125 182 126 -99 2 -133 64 -44 56 0 -86 53 -106 15 -91 162 -58 184 5788709.7590749115 1.6055991814221332E7 123.94475167052516 0.0 
-23 89 32 -88 35 -85 54 -116 46 -129 25 154 -78 66 -80 114 -71 -72 36 146 48 -58 171 -55 73 93 54 -107 27 40 -29 181 -24 -28 -110 -100 -97 -102 -69 -126 178 -186 -144 -136 -144 41 112 81 -58 47 -117 95 54 98 -76 -100 -12 -127 56 -73 141 -72 -51 60 152 21 -80 46 -70 128 -37 68 -89 128 8 -100 60 -49 76 -40 196 6398154.20247624 8843381.772695184 2.1582484043459392E-4 0.0 
-20 67 -58 -90 -54 -95 15 -139 107 -129 -11 173 -44 43 -43 85 -26 -54 56 109 73 -33 124 -44 78 108 37 -63 13 36 -51 189 8 -32 -111 -99 -63 -14 -24 -85 170 -76 -105 -134 -120 42 78 83 -47 149 68 56 -53 -79 -79 -93 74 -49 24 114 199 -6 -42 55 180 20 -58 -40 90 195 48 -58 -92 62 -58 -87 -60 -23 80 -65 178 7309262.60384634 5282600.687107805 25.26311614404526 0.0 
-23 104 31 -87 -37 -85 54 -115 46 -106 27 154 -78 65 -80 114 -72 -72 73 146 67 -58 171 -55 64 90 55 -101 -66 -31 -57 184 -62 -30 -110 -100 -100 -80 -67 -126 188 -134 -120 -136 -140 41 109 81 -55 47 -117 92 54 98 -75 -100 -12 -126 55 -74 140 -77 -47 60 155 21 -80 39 -70 128 -37 68 -93 128 8 -51 9 -48 76 -38 197 6779128.399059816 6865757.564525657 1.734271992547418E-4 0.0 
35 134 28 -114 77 -114 53 -110 128 -76 -170 104 -82 164 -73 52 -63 11 73 125 45 -167 127 -162 50 -112 -135 -54 29 37 -89 169 12 45 67 119 -152 -169 -72 -184 -168 -92 -172 -167 -111 125 103 84 -29 177 43 94 72 123 0 -77 98 -190 17 -179 22 -174 -58 123 179 126 -103 2 -136 89 -22 46 1 -97 46 -106 15 -88 170 -54 184 5639665.100575172 2.039768223971802E7 127.57023662123699 0.0 
35 134 28 -114 77 -114 53 -110 128 -76 -170 104 -82 164 -73 52 -76 11 73 125 45 -167 127 -162 50 -112 -135 -54 29 37 -89 169 12 45 68 119 -151 -169 -72 -184 -162 -92 -172 -167 -111 123 104 85 -28 177 37 94 71 123 0 -84 98 -190 17 -181 14 -173 -58 123 179 126 -103 2 -136 89 -22 46 1 -98 46 -106 15 -88 170 -54 186 5639850.5756035475 2.0589820390211646E7 111.36863024175594 0.0 
45 135 25 -110 72 -109 50 -112 128 -75 -1 103 -83 174 -73 42 -63 12 71 99 48 -66 139 -122 36 -104 -135 -110 -97 12 -64 172 17 56 120 28 -146 -128 -105 -153 -166 -94 -113 -111 -133 75 110 83 -31 165 27 76 51 97 -41 -77 -4 -134 22 -142 132 -94 -56 125 173 126 -100 2 -125 54 -48 58 4 -90 50 -102 16 -140 104 -55 187 6373756.763746292 9068294.34936685 7.973148278483679 0.0 
44 135 25 -85 70 -108 47 -112 127 -75 4 103 -83 164 -72 43 -63 12 71 99 48 -66 139 -121 36 -104 -135 -114 -97 12 -64 172 17 58 118 27 -146 -129 -105 -153 -166 -94 -113 -121 -133 75 110 83 -24 165 27 75 52 97 -41 -77 -4 -134 22 -141 132 -94 -56 127 176 126 -100 2 -126 67 -48 58 3 -90 46 -102 16 -140 104 -54 187 6388131.868683015 9029346.351608349 2.2240127672949368E-4 0.0 
35 133 25 -111 79 -111 48 -112 128 -75 -175 105 -85 163 -72 51 -63 11 71 122 46 -72 130 -160 23 -103 -135 -55 15 7 11 185 17 51 82 114 -155 -121 -95 -179 -157 -102 -164 -154 -111 104 108 84 -25 168 28 75 71 99 3 -78 96 -190 16 -179 -38 -88 -56 125 181 127 -101 2 -134 71 -43 58 -1 -89 54 -106 15 -90 160 -61 184 5669431.758358986 1.862490523280314E7 98.49486275277548 0.0 
-20 64 -57 -90 -51 -95 16 -139 107 -129 -11 176 -44 43 -43 78 -24 -79 56 109 73 -33 123 -42 78 108 38 -68 13 36 -51 189 8 -31 -111 -99 -60 -15 -24 -85 171 -74 -105 -134 -139 42 97 106 -49 149 69 55 -53 -79 -79 -103 74 -46 24 114 199 -6 -42 55 165 20 -58 -41 90 192 46 -58 -112 63 -58 -87 -62 -23 81 -65 182 7245976.365203754 5384168.677227706 1.8482597080810573E-4 0.0 
-22 92 57 -103 -59 -87 38 -147 46 -135 21 152 -33 56 -35 104 -20 -72 72 143 63 -43 148 -56 75 104 53 -104 -37 65 -36 158 34 -33 -113 -110 -102 -97 -85 -81 159 -77 -58 -133 -137 36 103 73 -90 161 84 78 60 97 -88 -106 -13 -69 38 -58 77 -64 -44 62 151 -43 -61 4 -52 127 6 61 -80 66 -98 -103 -6 -45 78 -65 180 7087699.398550879 6361458.579384479 26.660804394233242 0.0 
-19 64 -57 -90 -51 -94 16 -139 120 -129 -11 177 -44 43 -43 78 -24 -79 56 109 73 -33 124 -43 78 107 37 -68 13 40 -48 189 8 -32 -111 -99 -62 -16 -24 -85 168 -74 -105 -133 -139 -26 76 107 -49 148 69 55 -53 -80 -79 -103 73 -46 24 112 199 -6 -42 56 172 20 -62 -41 90 192 46 -58 -112 62 -58 -87 -60 -23 81 -65 177 7355053.689687824 5099402.030319361 1.80486461797153E-4 0.0 
35 134 28 -114 77 -114 53 -110 128 -76 -170 104 -82 164 -73 52 -63 9 73 125 45 -169 127 -166 50 -112 -135 -54 30 37 -89 169 12 45 68 119 -151 -169 -72 -184 -163 -92 -172 -167 -111 120 104 85 -31 177 37 94 71 123 0 -84 98 -190 17 -179 14 -173 -58 123 179 126 -103 2 -136 89 -22 46 1 -95 46 -106 15 -88 170 -54 186 5628059.211465477 2.0695401507288452E7 110.18458416539617 0.0 
35 134 25 -116 79 -116 52 -112 127 -76 -175 105 -83 163 -72 50 -63 11 70 123 47 -73 130 -166 23 -104 -136 -55 15 7 3 190 21 51 82 113 -154 -121 -92 -181 -157 -103 -164 -153 -112 100 106 85 -28 168 28 75 71 99 2 -90 104 -184 17 -179 -38 -111 -56 125 175 126 -100 2 -129 70 -44 57 -2 -88 54 -106 15 -90 160 -60 186 5667104.922300073 1.90959927581579E7 3.4283317479462405E-4 0.0 
37 134 25 -116 75 -115 48 -112 127 -75 -171 105 -84 164 -72 51 -63 11 72 123 47 -73 130 -164 23 -104 -135 -55 15 11 12 185 19 51 83 114 -155 -121 -92 -179 -157 -101 -164 -154 -111 103 108 85 -23 168 28 75 71 99 2 -90 96 -188 16 -179 -38 -132 -56 125 182 127 -101 2 -134 71 -43 58 -2 -100 52 -106 15 -90 160 -58 184 5659718.686502251 1.9284405058985464E7 3.514926410158853E-4 0.0 
-23 64 -57 -90 -51 -94 16 -139 121 -129 -11 177 -44 43 -43 78 -24 -79 56 109 73 -33 123 -41 78 107 38 -68 13 36 -51 189 8 -31 -111 -99 -61 -38 -19 -85 171 -74 -105 -133 -139 42 97 105 -49 149 69 55 -53 -80 -79 -103 73 -46 24 112 198 -6 -42 55 164 20 -57 -41 90 192 46 -58 -112 63 -58 -87 -62 -23 81 -65 182 7226200.275238623 5425510.238590332 1.8344117760103632E-4 0.0 
-23 89 32 -88 35 -85 54 -115 46 -129 25 154 -79 66 -80 114 -71 -72 36 146 48 -58 169 -55 73 93 54 -107 26 40 -29 181 -21 -29 -110 -99 -97 -106 -69 -127 177 -134 -144 -136 -140 41 111 78 -56 47 -116 96 54 91 -76 -100 -12 -127 56 -74 141 -72 -47 60 151 21 -82 39 -70 128 -37 68 -93 128 8 -105 71 -48 76 -40 196 6436647.28915185 8485266.081273302 2.1100740514005977E-4 0.0 
-23 104 31 -88 35 -85 54 -115 53 -129 27 154 -78 66 -80 114 -71 -72 63 146 67 -58 167 -55 73 93 54 -107 -47 -31 -25 182 -24 -29 -110 -99 -100 -81 -69 -126 177 -134 -145 -136 -140 37 112 81 -81 48 -116 96 54 98 -77 -100 -13 -128 56 -70 141 -75 -47 61 151 21 -80 45 -70 128 -37 68 -85 128 7 -51 61 -48 76 -53 197 6576953.282534788 7663330.555448558 1.86155974322117E-4 0.0 
-22 92 57 -103 -59 -87 38 -147 46 -135 21 152 -33 56 -35 104 -15 -73 72 143 63 -43 148 -56 73 104 53 -104 -37 65 -36 158 34 -33 -111 -110 -99 -97 -85 -81 159 -77 -58 -133 -137 36 103 73 -90 161 84 78 60 97 -88 -106 -13 -69 38 -58 77 -64 -44 62 151 -43 -61 4 -52 127 6 61 -80 66 -82 -106 -6 -45 78 -65 180 7059189.51891454 6424804.831404944 26.870487091554214 0.0 
-23 64 -57 -90 -51 -94 15 -139 120 -129 -11 171 -44 43 -43 78 -24 -80 56 109 73 -33 123 -44 77 107 37 -68 13 36 -48 189 8 -32 -111 -99 -105 -38 -19 -85 171 -74 -105 -134 -139 43 98 106 -49 140 69 55 -53 -80 -79 -103 73 -46 24 145 197 -6 -42 55 165 20 -58 -41 90 192 46 -58 -112 63 -60 -87 -59 -23 81 -64 177 7177593.278725016 5712749.179023843 2.0243638925691935E-4 0.0 
36 132 25 -85 68 -70 48 -112 130 -75 -176 103 -83 163 -73 42 -63 11 46 102 48 -66 138 -123 39 -104 -135 -59 -94 13 -64 196 17 57 117 26 -145 -119 -105 -152 -166 -94 -116 -111 -133 75 110 82 -23 168 27 75 70 97 -41 -77 -4 -134 22 -141 130 -94 -56 125 173 126 -101 2 -125 54 -48 58 -1 -90 50 -101 16 -140 105 -54 188 6229196.147417169 9994567.19672981 2.2403647368080716E-4 0.0 
35 133 25 -115 79 -111 48 -112 127 -75 -175 105 -84 164 -72 51 -63 11 71 124 47 -72 130 -64 56 -104 -135 -55 15 11 11 175 19 48 83 113 -160 -119 -92 -179 -156 -102 -164 -156 -111 101 108 84 -23 168 28 75 71 99 2 -78 98 -188 16 -178 -38 -91 -56 125 172 124 -101 2 -131 70 -44 58 -1 -90 50 -106 17 -90 160 -58 184 5689796.977458178 1.8024450365369882E7 3.3162896587050645E-4 0.0 
-19 64 -57 -97 -51 -94 19 -135 121 -129 -11 177 -44 43 -43 78 -26 -80 55 108 74 -45 128 -41 78 96 49 -68 13 36 -51 191 8 -31 -111 -124 -64 -17 -24 -85 192 -77 -104 -134 -139 -63 74 95 -49 144 62 64 -53 -79 -79 -67 74 -46 24 114 199 -5 -42 55 173 20 -57 -41 86 193 46 -58 -112 63 -58 -86 -62 -23 80 -65 177 7409943.597768643 4953427.942433726 1.8153777482462927E-4 0.0 
-23 104 31 -87 37 -85 54 -115 47 -110 27 154 -79 58 -80 117 -72 -72 62 146 67 -58 171 -55 73 90 55 -100 -66 -31 -57 184 -62 -30 -110 -100 -101 -80 -67 -126 178 -134 -120 -136 -140 41 112 81 -55 48 -117 96 54 98 -76 -99 -26 -127 55 -70 146 -77 -47 60 152 21 -80 42 -70 128 -37 68 -93 128 8 -51 9 -48 76 -39 197 6698592.988708767 7097369.273593644 1.7271500611200735E-4 0.0 
-22 92 57 -103 -59 -87 29 -147 46 -135 21 152 -33 56 -35 100 -7 -73 72 142 63 -43 148 -56 73 104 53 -104 -37 65 -36 158 34 -33 -108 -110 -99 -97 -89 -80 159 -77 -58 -133 -137 36 103 73 -90 161 84 78 60 97 -88 -106 -13 -69 37 -58 78 -64 -44 62 151 -43 -61 4 -52 127 6 60 -80 66 -99 -106 -6 -45 78 -66 180 7077126.038813641 6393463.532307706 26.712921153303675 0.0 
35 133 25 -117 77 -111 50 -112 128 -75 -174 106 -83 162 -73 50 -63 10 72 119 46 -72 132 -63 60 -104 -135 -55 10 12 8 194 19 59 88 114 -155 -121 -115 -180 -165 -94 -118 -124 -138 90 106 83 -27 167 28 74 71 97 -84 -89 96 -194 22 -163 128 -130 -56 125 182 124 -101 2 -107 70 -48 57 -2 -89 50 -106 16 -141 101 -54 188 5959417.2145459745 1.339608776513203E7 67.13096225774113 0.0 
35 134 28 -114 77 -114 53 -110 128 -76 -170 104 -82 164 -73 52 -63 11 73 125 45 -167 128 -162 50 -112 -135 -54 30 37 -89 169 12 45 67 119 -152 -169 -72 -184 -162 -92 -172 -168 -111 125 104 84 -28 177 43 94 71 123 0 -78 98 -190 17 -179 22 -174 -58 128 179 126 -103 2 -136 89 -22 46 1 -97 46 -106 15 -88 170 -54 186 5638767.315568366 2.046410712479667E7 114.51328361066248 0.0 
-23 104 31 -88 -34 -85 54 -115 45 -144 27 154 -78 -37 -80 116 -72 -72 73 146 67 -58 155 -55 74 90 55 -102 -66 -31 -57 184 -62 -30 -110 -100 -100 -80 -67 -126 177 -134 -117 -136 -140 41 109 81 -55 47 -117 96 54 98 -75 -100 -12 -126 55 -74 151 -72 -47 73 151 21 -80 40 -70 124 -37 68 -93 128 9 -51 9 -48 76 -36 193 6855916.1087595 6653300.153069401 1.7339548408589985E-4 0.0 
-23 64 -57 -90 -51 -94 15 -139 120 -129 -11 171 -44 43 -43 78 -24 -80 56 109 73 -33 123 -41 77 107 37 -68 13 36 -48 189 8 -32 -111 -99 -106 -38 -19 -85 171 -74 -105 -134 -139 43 98 106 -49 149 69 55 -53 -80 -79 -103 73 -46 24 145 199 -6 -42 55 173 20 -58 -41 90 192 46 -58 -112 63 -74 -92 -62 -23 81 -65 177 7149127.6864215685 5884703.640743987 2.0717520229314345E-4 0.0 
35 134 25 -116 79 -116 48 -112 127 -76 -170 105 -84 164 -72 51 -63 11 71 123 47 -73 130 -166 17 -104 -135 -55 15 12 11 192 12 47 82 114 -155 -121 -92 -181 -157 -103 -164 -157 -111 121 108 85 -24 168 28 75 71 99 3 -89 96 -188 17 -180 -42 -133 -56 125 179 126 -100 2 -134 70 -43 57 1 -88 52 -106 15 -90 160 -60 184 5647926.4801867725 1.935081633930877E7 108.64935029875403 0.0 
35 134 26 -116 75 -115 51 -112 128 -75 -171 105 -83 163 -72 51 -63 11 71 124 46 -73 131 -180 32 -103 -136 -55 15 7 11 185 19 55 89 114 -154 -119 -92 -179 -157 -101 -165 -166 -110 103 106 85 -23 167 28 77 72 99 2 -88 96 -189 17 -179 -36 -89 -56 125 176 126 -101 2 -134 70 -44 57 -1 -88 53 -106 15 -90 160 -61 184 5658963.965228519 1.9011190145733707E7 107.02111530073671 0.0 
36 133 25 -110 73 -76 49 -112 127 -76 -176 103 -83 164 -73 42 -63 12 71 102 48 -66 138 -122 36 -104 -135 -116 -98 12 -64 172 17 59 119 103 -146 -119 -105 -153 -166 -94 -113 -122 -138 75 110 82 -31 163 27 75 68 99 -41 -78 -1 -134 23 -141 132 -94 -56 125 173 126 -108 2 -120 54 -48 58 -1 -90 50 -102 16 -141 102 -55 186 6279793.191596127 9610231.005094163 2.3198986582670335E-4 0.0 
-22 64 -58 -96 -51 -94 16 -139 108 -130 -11 172 -44 43 -43 78 -26 -79 55 109 73 -34 125 -46 71 107 38 -72 15 36 -48 189 8 -31 -111 -99 -64 -12 -24 -85 171 -73 -104 -134 -139 -31 76 93 -49 139 69 55 -53 -80 -79 -110 74 -46 24 114 198 -6 -42 55 173 20 -58 -41 90 193 46 -57 -88 62 -59 -87 -60 -23 80 -68 169 7345781.493117638 5095086.397175907 28.620821841503854 0.0 
34 135 25 -115 75 -110 51 -111 127 -75 -170 105 -83 163 -73 50 -63 12 75 123 46 -67 128 -62 56 -100 -134 -56 14 12 2 168 21 61 90 114 -156 -121 -92 -181 -165 -86 -115 -119 -138 86 107 83 -26 165 27 75 71 99 -88 -92 93 -189 19 -178 -36 -91 -56 126 175 125 -101 2 -134 67 -47 57 -2 -98 53 -106 16 -91 116 -59 188 5799569.809416653 1.5986140150585368E7 3.0963083778334154E-4 0.0 
35 134 25 -111 79 -111 48 -112 127 -75 -170 105 -84 163 -73 51 -63 11 71 123 47 -72 132 -65 59 -103 -135 -55 15 12 11 185 17 47 82 113 -155 -120 -92 -179 -156 -102 -164 -156 -111 121 107 85 -25 168 28 75 71 99 3 -79 96 -188 16 -179 -38 -90 -56 125 180 126 -102 2 -131 72 -43 58 0 -88 52 -106 15 -90 160 -60 184 5678891.585190336 1.8153609202540576E7 107.77167099534543 0.0 
-23 88 32 -88 33 -85 54 -115 52 -132 25 153 -79 58 -80 114 -71 -72 72 146 69 -58 157 -55 73 92 55 -101 -66 -31 -24 182 -24 -29 -110 -99 -100 -80 -67 -126 178 -134 -120 -136 -140 41 113 71 -55 48 -117 96 54 98 -77 -100 -12 -128 55 -73 146 -75 -47 61 151 21 -84 40 -70 129 -37 68 -88 128 8 -51 66 -49 77 -41 197 6594499.614172814 7575531.031618214 1.8237932240644826E-4 0.0 
35 133 25 -110 70 -110 51 -111 131 -75 -176 103 -83 164 -73 43 -63 11 49 102 48 -66 139 -65 56 -102 -135 -54 -91 14 -63 175 21 58 120 113 -155 -119 -103 -150 -167 -93 -113 -111 -133 76 107 82 -26 167 28 75 71 96 -41 -77 -48 -134 22 -158 125 -91 -56 125 173 125 -106 3 -112 68 -49 57 2 -89 52 -95 16 -138 101 -58 188 6184645.778396494 1.0466293651184618E7 2.474051312537838E-4 0.0 
34 132 25 -88 73 -110 50 -112 126 -75 -170 104 -83 167 -73 51 -63 11 74 121 47 -66 139 -65 57 -103 -135 -56 11 13 -43 193 19 59 89 114 -155 -118 -105 -167 -167 -92 -118 -110 -139 74 107 68 -23 159 27 75 70 96 -39 -77 -46 -129 22 -158 132 -92 -56 125 177 130 -95 3 -126 73 -48 57 2 -89 53 -94 16 -140 101 -55 188 6127794.531733392 1.1034898044700041E7 2.5491512011360036E-4 0.0 
35 134 25 -115 76 -111 48 -112 127 -75 -175 105 -85 164 -72 51 -63 11 71 123 47 -72 130 -65 59 -103 -135 -55 15 11 11 185 17 47 82 111 -155 -119 -92 -179 -156 -102 -164 -156 -112 121 106 84 -28 168 28 75 73 99 2 -87 96 -190 16 -178 -38 -90 -56 125 180 128 -100 2 -134 70 -44 58 0 -89 50 -106 15 -90 160 -58 184 5728356.338264556 1.7069808123329416E7 107.09341481725453 0.0 
-23 89 32 -88 35 -85 54 -115 46 -129 25 154 -78 66 -80 114 -71 -72 36 146 47 -58 158 -55 73 93 54 -107 27 40 -29 181 -21 -29 -110 -100 -97 -106 -69 -127 177 -134 -144 -136 -144 41 111 78 -50 47 -118 96 54 98 -76 -100 -12 -127 56 -73 141 -72 -51 60 151 21 -82 40 -70 128 -37 68 -93 128 8 -105 72 -48 76 -40 196 6459374.162510377 8396044.460152647 8.438176522663746 0.0 
35 133 25 -111 79 -111 51 -112 130 -76 -175 105 -83 161 -73 50 -63 10 68 120 46 -72 131 -63 60 -104 -135 -55 15 13 8 192 22 59 105 104 -155 -121 -94 -181 -166 -88 -121 -123 -138 119 106 82 -27 165 28 75 70 95 2 -93 96 -185 22 -179 127 -92 -56 125 182 128 -101 2 -134 63 -48 57 -1 -89 53 -106 16 -91 118 -54 184 5838845.139105174 1.5180515433627727E7 103.72330970771347 0.0 
-22 92 57 -103 -59 -87 38 -147 46 -135 21 152 -33 56 -35 104 -21 -72 72 143 63 -43 148 -56 75 104 53 -104 -37 65 -36 158 34 -33 -113 -110 -102 -97 -85 -81 159 -77 -58 -133 -137 36 103 73 -90 161 84 82 60 97 -88 -106 -13 -69 38 -58 77 -64 -44 62 151 -37 -61 4 -52 127 6 61 -80 59 -82 -106 -6 -45 85 -65 180 7065847.304950429 6473085.955423675 2.0343322889435268E-4 0.0 
-24 88 31 -88 36 -85 54 -115 46 -129 22 154 -78 66 -80 81 -71 -72 61 146 67 -58 170 -55 73 89 54 -107 -47 -31 -29 181 -24 -28 -110 -100 -100 -81 -70 -126 177 -134 -118 -136 -144 37 111 80 -55 47 -117 96 54 98 -76 -99 -24 -128 56 -73 140 -72 -46 61 151 21 -80 40 -70 128 -37 68 -93 128 8 -105 73 -48 76 -36 193 6564981.431666256 7748737.910925018 1.96076141691375E-4 0.0 
36 133 25 -85 73 -76 47 -112 127 -75 -176 103 -83 164 -73 43 -63 12 71 104 48 -66 139 -123 37 -104 -135 -113 -93 12 -64 172 17 57 118 27 -145 -119 -105 -153 -166 -94 -113 -111 -133 75 110 82 -30 165 27 75 56 97 -41 -77 -4 -133 21 -142 132 -94 -56 126 173 126 -100 2 -125 53 -48 58 4 -90 46 -102 16 -140 102 -55 187 6336121.54378152 9298681.884655055 2.2153923924823825E-4 0.0 
36 133 25 -110 71 -110 52 -111 130 -75 -176 104 -83 167 -73 53 -63 10 46 114 47 -67 139 -123 57 -103 -135 -54 11 13 4 172 20 58 89 115 -155 -118 -105 -168 -167 -92 -118 -111 -133 127 107 68 -26 164 27 75 71 96 1 -77 -38 -129 21 -157 131 -93 -56 125 178 131 -95 2 -120 73 -48 57 2 -89 53 -94 16 -140 101 -56 188 6057328.072845184 1.1776104760846611E7 116.27231293771953 0.0 
35 133 25 -112 71 -110 50 -112 128 -75 -170 104 -83 163 -73 50 -63 11 68 121 46 -72 130 -65 57 -105 -135 -55 11 13 10 191 19 59 90 114 -155 -118 -98 -166 -166 -93 -121 -124 -138 78 107 83 -23 159 31 74 71 100 -86 -87 96 -129 20 -158 128 -131 -56 125 177 126 -106 2 -107 71 -48 57 2 -89 53 -94 16 -140 101 -58 188 6019177.323217259 1.2469353688221797E7 2.8297458983417235E-4 0.0 
-22 92 57 -103 -59 -87 38 -147 46 -135 21 152 -33 56 -35 104 -7 -73 72 143 63 -43 150 -56 73 104 53 -104 -39 65 -36 158 33 -32 -111 -110 -102 -97 -85 -81 159 -77 -58 -133 -137 37 103 73 -90 161 91 78 60 97 -88 -106 -13 -69 38 -58 78 -64 -44 62 151 18 -61 4 -52 127 6 61 -85 57 -101 -103 -6 -45 76 -66 180 7066440.581520144 6396664.47627595 26.87046357799233 0.0 
44 135 25 -111 69 -108 47 -112 127 -75 -7 103 -83 163 -72 43 -63 12 71 98 48 -66 130 -121 36 -104 -135 -114 -99 12 -64 172 17 56 118 26 -146 -119 -105 -153 -166 -94 -113 -112 -133 76 110 83 -31 165 27 75 60 97 -41 -77 -4 -133 22 -140 130 -94 -56 127 176 126 -101 2 -126 67 -48 57 4 -90 50 -102 13 -140 104 -55 188 6339413.500355471 9199773.662990337 9.084888471188151 0.0 
35 135 25 -113 79 -111 51 -111 127 -76 -174 105 -82 161 -73 51 -63 11 72 123 46 -72 128 -62 59 -100 -134 -56 14 12 2 193 20 59 89 114 -156 -121 -92 -181 -165 -88 -121 -121 -138 82 107 81 -22 163 29 75 69 99 -92 -92 93 -188 19 -176 128 -90 -56 126 189 128 -101 2 -132 70 -47 58 -2 -98 50 -106 16 -91 115 -53 188 5839858.82877282 1.5268471550554274E7 3.0763503577457173E-4 0.0 
36 133 25 -83 68 -70 47 -112 130 -75 -176 103 -83 170 -73 43 -63 11 45 102 48 -66 138 -123 39 -104 -135 -61 -94 13 -64 173 17 57 120 26 -145 -119 -105 -153 -166 -94 -113 -111 -134 75 110 88 -30 167 26 75 70 97 -41 -78 -1 -134 22 -141 130 -94 -56 125 178 126 -109 2 -125 68 -48 58 -1 -90 50 -102 16 -140 102 -59 195 6248292.737681419 9817024.898458034 2.2285855497035094E-4 0.0 
35 133 26 -111 76 -111 48 -112 130 -75 -175 105 -83 161 -73 50 -63 10 71 120 46 -72 128 -63 59 -104 -135 -55 15 13 12 191 22 59 106 114 -155 -121 -95 -181 -166 -88 -121 -121 -138 121 107 82 -27 163 28 75 72 95 2 -93 96 -185 22 -179 128 -131 -57 125 176 128 -101 2 -130 61 -47 57 1 -89 50 -106 16 -91 118 -59 184 5817702.43614008 1.5496891246250853E7 104.3994671344083 0.0 
35 133 25 -89 71 -110 50 -112 130 -75 -170 104 -83 167 -73 51 -63 11 74 122 46 -66 138 -65 57 -103 -135 -56 15 13 -43 168 17 58 89 114 -155 -118 -94 -167 -165 -93 -118 -113 -138 79 107 83 -23 165 31 75 70 97 -40 -77 -45 -129 22 -142 122 -92 -56 125 176 130 -95 3 -125 64 -48 57 2 -89 53 -94 16 -140 101 -55 187 6139769.385798795 1.093093985667722E7 2.5301253445176696E-4 0.0 
35 134 25 -116 76 -115 52 -112 127 -75 -175 105 -84 163 -72 51 -63 11 60 124 47 -72 130 -165 23 -103 -136 -55 15 12 14 190 17 51 83 113 -153 -121 -95 -181 -157 -102 -166 -154 -111 123 106 85 -22 168 28 75 71 99 3 -88 96 -188 17 -180 -38 -89 -56 125 176 126 -100 2 -133 72 -44 58 -2 -89 50 -106 15 -90 160 -61 188 5658635.747217509 1.8931538843509737E7 119.384830208558 0.0 
-23 64 -57 -90 -51 -94 16 -139 121 -129 -11 176 -44 43 -43 78 -24 -79 56 109 73 -33 123 -42 78 107 38 -68 13 36 -51 189 8 -31 -111 -99 -60 -38 -24 -85 171 -74 -105 -133 -139 42 97 106 -49 149 69 55 -53 -80 -79 -103 73 -46 24 112 199 -6 -42 55 165 20 -57 -41 90 192 46 -58 -112 63 -58 -87 -62 -23 81 -65 182 7193028.567844482 5687644.080687387 1.8529565739496486E-4 0.0 
35 133 25 -110 70 -110 52 -111 130 -75 -176 103 -83 164 -73 43 -63 11 46 102 48 -67 139 -120 56 -102 -135 -54 -91 13 -63 174 21 58 120 29 -155 -118 -105 -150 -167 -93 -113 -111 -133 76 110 82 -26 167 27 75 70 96 -41 -77 -48 -133 22 -158 132 -91 -56 125 173 126 -100 2 -111 73 -48 58 2 -89 52 -94 16 -140 101 -49 188 6199576.242214571 1.0250286253586678E7 2.475978061215625E-4 0.0 
35 132 25 -88 73 -110 50 -112 125 -75 -170 104 -83 167 -73 51 -64 11 74 121 47 -66 138 -64 59 -103 -135 -56 15 12 9 192 17 58 89 114 -155 -118 -105 -167 -165 -92 -118 -111 -138 74 107 83 -23 159 27 75 70 96 -41 -77 -46 -129 22 -142 132 -92 -56 125 177 130 -95 3 -125 64 -48 57 2 -89 59 -94 16 -140 101 -55 187 6048535.926539328 1.1954326095185047E7 2.641034169456461E-4 0.0 
35 134 25 -116 76 -114 55 -112 127 -76 -175 105 -84 164 -73 51 -63 11 70 122 47 -72 130 -64 56 -103 -135 -55 15 13 11 185 19 49 84 113 -155 -120 -92 -178 -156 -102 -165 -156 -137 84 107 84 -26 168 27 75 72 99 -85 -89 96 -188 16 -178 -38 -91 -56 125 182 124 -100 2 -134 70 -46 58 0 -88 51 -106 17 -89 160 -60 183 5769616.402573225 1.651359930330193E7 3.107261594222317E-4 0.0 
35 133 25 -110 70 -110 58 -111 130 -75 -172 103 -83 164 -73 42 -63 11 49 102 48 -67 139 -67 56 -102 -135 -54 -91 14 -63 175 21 58 119 113 -155 -119 -103 -150 -167 -92 -113 -111 -133 76 111 83 -22 167 28 75 70 96 -41 -77 -49 -134 22 -158 125 -91 -56 125 177 125 -106 2 -112 67 -49 58 2 -89 54 -95 16 -141 101 -49 188 6174138.066528947 1.0512532327863945E7 2.4846037133837963E-4 0.0 
35 134 25 -115 76 -114 52 -112 128 -75 -171 105 -83 163 -72 51 -63 10 71 124 46 -72 130 -164 23 -104 -134 -55 15 7 14 185 17 51 82 113 -154 -121 -92 -179 -156 -101 -166 -154 -111 122 106 85 -27 168 29 75 71 99 3 -88 96 -190 17 -179 -38 -89 -56 125 176 127 -101 2 -134 70 -44 58 -1 -89 52 -106 15 -90 160 -61 184 5658374.352997503 1.885050242875755E7 121.08435541260431 0.0 
35 135 25 -113 77 -111 51 -112 128 -76 -174 106 -83 162 -73 51 -63 10 71 122 46 -72 136 -63 62 -103 -136 -56 15 14 8 171 22 58 89 113 -155 -121 -93 -178 -166 -88 -117 -123 -138 81 106 82 -27 167 32 75 63 78 -39 -72 96 -185 10 -178 128 -131 -56 125 176 125 -97 1 -132 62 -47 57 -2 -89 47 -105 16 -90 117 -59 189 5829683.065938163 1.5414189793373942E7 3.1136125701883467E-4 0.0 
-23 89 32 -88 36 -85 54 -116 45 -129 25 153 -78 66 -80 114 -72 -72 65 146 69 -58 158 -55 73 89 54 -107 -40 -31 -29 181 -24 -29 -110 -100 -100 -80 -69 -129 177 -134 -144 -136 -144 37 110 71 -57 44 -117 96 54 105 -76 -99 -25 -127 56 -73 141 -75 -47 58 151 21 -84 40 -70 128 -37 68 -93 128 7 -50 73 -49 76 -40 199 6559858.629642426 7855870.072969854 1.8999989610974895E-4 0.0 
35 133 25 -89 71 -110 50 -112 130 -75 -170 104 -83 167 -73 51 -63 11 74 119 46 -66 138 -64 57 -103 -135 -56 11 13 -40 168 17 58 90 114 -155 -118 -94 -171 -165 -92 -118 -120 -138 79 107 83 -32 167 31 75 71 97 -40 -77 -45 -129 22 -142 122 -93 -56 125 173 130 -95 3 -125 64 -48 58 2 -89 53 -94 16 -140 101 -55 187 6153316.381388303 1.0799979040320212E7 2.5265958465575477E-4 0.0 
35 134 25 -115 76 -115 52 -112 128 -75 -175 105 -83 163 -72 51 -63 11 70 124 46 -72 131 -164 24 -104 -134 -55 15 7 10 185 17 51 82 113 -154 -121 -95 -179 -157 -101 -166 -155 -111 122 106 85 -23 168 29 75 71 99 3 -88 104 -188 16 -179 -38 -89 -56 125 176 127 -101 2 -134 70 -44 58 -1 -89 52 -106 15 -90 160 -61 184 5647637.019628701 1.8909091287666354E7 121.4124448610629 0.0 
-23 88 31 -88 36 -85 60 -115 46 -137 27 154 -78 66 -80 118 -73 -72 73 146 69 -58 158 -55 73 93 54 -107 -39 -31 -29 181 -24 -29 -110 -100 -100 -83 -69 -129 177 -134 -144 -136 -144 37 111 81 -62 47 -118 96 54 98 -76 -100 -25 -127 56 -73 141 -75 -51 58 151 21 -80 39 -70 128 -37 68 -93 128 7 -51 61 -48 76 -40 196 6544627.4468323095 7931908.7481567 1.911466386564842E-4 0.0 
35 133 26 -111 79 -111 48 -112 128 -76 -175 105 -85 163 -72 48 -63 11 76 124 46 -72 131 -66 59 -103 -135 -55 15 13 11 185 17 51 82 113 -155 -121 -94 -181 -157 -102 -164 -157 -116 120 105 84 -25 168 27 75 72 99 3 -87 96 -190 16 -178 -38 -90 -56 125 183 126 -100 2 -134 71 -43 58 0 -89 52 -106 15 -89 160 -60 185 5759607.326241982 1.6673911005658343E7 82.0535801006607 0.0 
35 133 25 -88 70 -110 50 -112 130 -75 -170 104 -83 163 -73 51 -63 10 74 121 46 -66 138 -65 56 -101 -134 -55 11 12 12 168 19 58 89 114 -155 -121 -105 -172 -166 -93 -117 -111 -137 122 107 83 -23 160 31 75 70 96 2 -72 -46 -129 22 -141 130 -92 -56 125 177 130 -95 3 -121 72 -49 57 2 -89 50 -93 16 -140 101 -55 189 6009406.454473489 1.2438710069378385E7 112.56560293968154 0.0 
35 133 25 -116 76 -114 48 -112 127 -76 -175 105 -83 161 -71 50 -63 10 69 120 46 -72 132 -63 60 -104 -135 -55 15 13 14 191 19 59 91 114 -155 -121 -92 -179 -167 -93 -121 -121 -138 120 106 84 -27 165 28 75 71 95 2 -89 99 -185 16 -179 130 -133 -56 125 181 128 -106 1 -134 63 -48 57 -1 -89 47 -106 16 -91 118 -54 187 5908948.646267313 1.4063652031189244E7 102.52813214324719 0.0 
-23 89 31 -88 35 -85 54 -115 46 -129 25 154 -79 66 -80 114 -71 -72 65 146 48 -58 170 -55 73 93 54 -107 27 40 -27 182 -24 -29 -110 -99 -97 -105 -70 -126 177 -134 -130 -136 -143 37 112 81 -56 48 -117 96 54 98 -76 -100 -12 -127 56 -73 140 -72 -47 58 151 21 -80 39 -70 128 -37 68 -93 128 7 -51 71 -48 76 -40 196 6472933.892405336 8298674.347339926 8.3807545353368 0.0 
35 134 25 -87 75 -111 48 -112 127 -75 -175 105 -84 163 -73 51 -63 11 71 124 47 -72 130 -65 59 -109 -135 -55 15 12 11 185 17 49 83 113 -153 -120 -92 -179 -156 -93 -164 -156 -112 121 106 85 -25 168 28 75 71 99 3 -87 94 -188 16 -178 -38 -90 -56 125 179 127 -102 2 -134 72 -42 58 0 -88 50 -106 15 -90 160 -60 184 5705652.104054385 1.7586388062983517E7 116.95883191819894 0.0 
35 133 25 -110 70 -109 51 -112 126 -75 -175 105 -83 162 -73 50 -63 11 71 116 48 -72 136 -65 59 -105 -135 -55 15 13 7 191 17 51 89 115 -155 -121 -92 -180 -158 -93 -119 -120 -136 87 106 85 -31 166 31 74 71 97 -92 -91 96 -186 17 -162 128 -96 -56 125 177 127 -102 2 -107 63 -48 57 0 -87 50 -106 16 -140 100 -59 188 5914922.465171158 1.3964420401118262E7 3.050035948894352E-4 0.0 
35 134 25 -116 83 -115 52 -112 128 -75 -171 105 -83 163 -72 36 -63 11 71 124 46 -72 131 -164 59 -103 -136 -55 15 7 11 185 17 51 84 113 -154 -121 -92 -179 -157 -102 -164 -154 -112 122 106 85 -23 168 28 75 71 99 3 -88 96 -188 17 -179 -38 -88 -56 125 175 127 -101 2 -134 71 -44 58 -2 -88 53 -106 15 -90 160 -61 184 5669980.429821585 1.8425584917538002E7 120.75793915009244 0.0 
36 133 25 -110 70 -110 52 -111 131 -75 -176 103 -83 164 -73 43 -63 11 46 102 48 -67 139 -120 56 -102 -135 -54 -91 13 -63 172 21 58 123 28 -155 -118 -105 -150 -167 -93 -113 -111 -133 76 110 82 -26 168 27 75 71 96 -40 -78 -4 -133 22 -158 132 -91 -56 125 173 126 -100 2 -111 73 -48 58 2 -89 50 -94 16 -140 101 -58 188 6217699.377018114 1.0131486396390785E7 2.489337291638127E-4 0.0 
35 133 25 -112 71 -110 50 -112 130 -75 -170 104 -83 167 -73 53 -63 12 74 124 47 -72 139 -63 55 -105 -135 -56 15 13 4 172 17 58 89 114 -155 -118 -105 -167 -157 -92 -118 -121 -138 76 107 68 -23 165 27 75 70 97 -38 -73 -46 -129 22 -143 122 -93 -56 99 181 130 -95 2 -126 64 -47 57 2 -84 55 -94 16 -139 101 -56 188 6085596.13131029 1.1442361626862762E7 2.622161245410838E-4 0.0 
-23 89 31 -88 35 -85 54 -115 46 -129 27 154 -79 66 -80 118 -72 -72 64 146 54 -58 170 -55 73 93 54 -107 27 40 -27 182 -24 -29 -110 -99 -97 -107 -70 -126 191 -134 -121 -136 -143 37 112 81 -56 48 -117 96 54 98 -75 -100 -12 -128 56 -73 140 -72 -51 58 151 21 -80 39 -70 128 -37 68 -93 128 7 -51 71 -48 76 -40 196 6491227.085678895 8143174.554517505 8.371242828537213 0.0 
44 135 25 -109 69 -109 47 -112 127 -75 -6 103 -83 163 -72 42 -63 12 71 99 48 -66 139 -121 36 -104 -135 -114 -99 12 -64 172 17 58 118 26 -146 -120 -105 -153 -166 -93 -116 -110 -133 75 110 83 -31 158 27 75 52 97 -41 -77 -4 -128 22 -141 132 -94 -56 128 176 126 -101 2 -126 66 -48 57 2 -90 50 -101 13 -140 104 -54 187 6348157.107319368 9163084.875164775 8.921038772850105 0.0 
35 133 25 -116 78 -111 52 -113 127 -76 -170 105 -85 164 -73 51 -63 11 71 123 47 -72 130 -63 59 -105 -135 -55 15 7 5 185 17 49 82 113 -155 -121 -92 -180 -156 -94 -118 -123 -138 122 107 84 -27 168 28 74 71 99 3 -77 97 -188 16 -179 -38 -87 -56 125 183 128 -101 2 -132 60 -43 56 0 -89 47 -106 15 -90 160 -61 185 5854974.33208648 1.4787563280362057E7 116.0650908446183 0.0 
34 133 26 -112 71 -111 52 -112 128 -76 -170 104 -83 167 -73 51 -63 11 68 119 47 -72 139 -62 57 -103 -135 -55 11 13 8 174 21 58 90 114 -155 -118 -105 -166 -165 -93 -118 -119 -140 77 107 83 -23 165 31 75 70 95 -41 -72 -46 -129 20 -158 133 -93 -56 125 177 130 -95 3 -121 74 -48 57 -2 -89 53 -94 16 -139 101 -55 188 6068850.394703635 1.1665162440060737E7 2.679226036231752E-4 0.0 
35 133 25 -116 77 -111 48 -111 130 -75 -174 105 -83 162 -73 50 -63 10 69 120 46 -72 130 -63 57 -104 -135 -55 15 12 8 182 19 58 90 115 -155 -121 -94 -178 -157 -93 -119 -121 -137 77 107 83 -27 163 28 74 71 96 -87 -90 96 -187 22 -162 128 -93 -56 125 177 126 -101 2 -110 71 -48 57 1 -89 50 -106 15 -141 100 -58 188 5899886.4230009 1.4247508155375129E7 3.082332884066004E-4 0.0 
35 134 25 -116 64 -114 48 -112 127 -75 -175 105 -83 164 -72 51 -63 11 71 124 47 -72 130 -65 56 -104 -134 -55 15 7 11 185 17 49 83 113 -154 -121 -92 -179 -156 -102 -166 -157 -115 122 106 85 -27 168 28 75 71 99 2 -88 96 -188 16 -179 -38 -89 -56 125 182 127 -101 2 -134 60 -44 58 -1 -99 52 -106 15 -90 160 -60 184 5749920.391505132 1.663135041599011E7 117.53293957035176 0.0 
35 133 25 -117 79 -111 48 -112 127 -75 -171 105 -84 164 -73 51 -63 11 71 124 47 -72 130 -66 56 -103 -136 -55 15 11 11 175 19 48 83 113 -159 -120 -92 -179 -156 -102 -164 -156 -111 101 108 84 -23 168 28 75 71 99 2 -78 98 -188 16 -179 -38 -91 -56 125 171 124 -101 2 -131 72 -44 58 -1 -90 52 -106 15 -89 160 -58 184 5737906.474879821 1.70259477833104E7 3.249113862185975E-4 0.0 
-23 64 -57 -90 -51 -94 16 -139 120 -129 -11 177 -44 43 -43 78 -24 -79 56 109 73 -33 123 -42 70 107 37 -68 13 36 -48 189 8 -31 -111 -99 -62 -38 -24 -85 171 -74 -105 -133 -139 44 98 107 -49 148 69 55 -53 -80 -79 -103 73 -46 24 112 199 -6 -42 55 172 20 -57 -41 90 193 46 -58 -112 63 -58 -87 -62 -23 81 -65 182 7210149.020926141 5505608.899537145 1.8483579467634657E-4 0.0 
35 133 25 -89 70 -110 50 -112 130 -75 -170 104 -83 167 -73 51 -63 11 74 122 46 -66 138 -123 57 -104 -135 -56 11 13 -43 168 21 55 117 111 -155 -118 -105 -166 -165 -93 -118 -113 -137 75 107 83 -22 165 27 75 70 96 -40 -77 -46 -129 22 -142 122 -93 -55 125 176 130 -95 3 -121 64 -48 57 4 -90 50 -94 16 -142 101 -55 187 6169176.362267694 1.0695413956827214E7 2.496971655760311E-4 0.0 
-19 64 -58 -96 -49 -94 16 -135 121 -130 -11 171 -44 43 -43 78 -26 -79 55 109 73 -34 125 -46 71 109 50 -44 15 36 -51 183 8 -31 -111 -99 -64 -12 -24 -85 171 -73 -104 -134 -139 -31 76 93 -49 149 69 63 -53 -80 -79 -110 74 -46 24 107 193 -6 -42 55 175 20 -58 -41 90 192 46 -57 -90 62 -59 -87 -61 -23 81 -68 167 7342231.295392372 5181446.849246169 1.7975502710027927E-4 0.0 
36 133 25 -83 73 -77 47 -108 127 -75 -176 103 -83 164 -73 42 -63 12 70 102 48 -66 139 -122 37 -104 -135 -114 -98 12 -64 172 17 56 117 27 -146 -119 -105 -153 -166 -94 -113 -111 -137 75 110 82 -31 165 27 75 69 97 -41 -78 -4 -133 21 -142 132 -98 -56 125 173 126 -109 2 -125 54 -48 58 4 -90 50 -102 16 -140 102 -55 192 6294587.4198083645 9432446.24349579 2.2498272936569762E-4 0.0 
35 133 25 -112 71 -110 50 -112 128 -75 -170 104 -83 162 -73 51 -63 11 68 122 46 -66 129 -61 57 -101 -134 -55 15 13 12 169 19 58 89 113 -153 -121 -106 -166 -165 -88 -118 -120 -138 122 107 82 -27 159 31 75 72 96 4 -77 -38 -132 20 -151 129 -93 -56 125 177 131 -95 3 -108 67 -49 57 -1 -89 50 -94 16 -141 99 -58 188 6009846.809938087 1.2594330112580275E7 111.12522989788053 0.0 
-23 89 32 -88 35 -85 54 -115 46 -129 25 154 -78 66 -80 114 -71 -72 33 146 48 -58 170 -55 73 93 54 -107 26 40 -29 182 -21 -28 -110 -99 -97 -106 -69 -127 177 -133 -154 -136 -144 41 112 81 -56 47 -117 96 54 98 -76 -100 -12 -127 56 -73 141 -72 -47 60 151 21 -80 39 -70 128 -37 68 -93 128 8 -105 71 -49 76 -40 196 6418123.233780245 8685888.381431326 2.1564927890819962E-4 0.0 
35 133 25 -115 80 -111 48 -112 127 -76 -175 105 -84 164 -74 51 -63 10 71 123 47 -72 130 -63 56 -104 -135 -55 14 14 11 193 19 48 83 113 -154 -119 -92 -181 -157 -102 -164 -156 -111 100 107 84 -26 168 28 75 70 99 2 -76 96 -188 16 -178 -38 -91 -56 125 171 125 -100 2 -134 70 -48 58 -1 -89 50 -106 15 -90 116 -58 183 5719760.671388519 1.753194019225569E7 3.2484813905034186E-4 0.0 
35 133 25 -87 71 -110 50 -112 130 -75 -170 103 -83 167 -73 51 -63 12 74 119 47 -72 139 -65 56 -105 -135 -56 15 13 3 172 17 58 89 114 -155 -118 -105 -181 -157 -92 -118 -120 -133 74 107 68 -23 159 27 74 70 97 -39 -77 -46 -129 22 -142 133 -93 -56 125 177 130 -95 3 -126 64 -47 57 2 -89 53 -94 16 -139 101 -55 188 6099019.088779059 1.1221029777207812E7 2.5425367940828806E-4 0.0 
-23 64 -57 -90 -51 -94 16 -139 109 -129 -11 176 -44 43 -43 78 -24 -80 56 109 73 -33 123 -41 70 107 37 -68 13 36 -48 189 8 -32 -111 -98 -106 -38 -21 -85 171 -73 -106 -134 -139 44 98 106 -49 149 69 55 -46 -80 -79 -103 74 -46 24 166 197 -6 -42 55 173 20 -57 -41 90 193 46 -61 -111 63 -74 -92 -62 -23 81 -65 178 7126481.20481743 6060770.121033563 2.1207559908307969E-4 0.0 
35 133 26 -113 79 -111 48 -112 128 -75 -174 105 -83 161 -73 50 -63 12 68 120 47 -72 128 -64 60 -105 -134 -56 15 13 13 192 19 59 90 114 -155 -121 -94 -168 -156 -93 -119 -124 -138 79 106 82 -27 167 28 75 70 97 -87 -91 96 -187 16 -182 128 -94 -56 125 177 128 -100 1 -134 71 -48 57 -2 -89 50 -106 15 -92 118 -54 188 5949991.096103891 1.3498694865687473E7 2.8571719273517445E-4 0.0 
34 133 25 -88 70 -110 52 -112 130 -75 -170 104 -83 167 -73 51 -63 10 74 121 46 -72 138 -65 56 -101 -135 -55 11 12 12 168 19 58 90 114 -155 -120 -105 -172 -166 -92 -118 -111 -137 122 107 83 -23 160 31 75 70 96 2 -72 -46 -129 22 -142 130 -92 -56 125 177 130 -95 3 -121 72 -48 57 2 -89 50 -93 16 -140 101 -55 189 6012894.521329992 1.2389273327988915E7 112.70718802013162 0.0 
35 133 25 -111 79 -111 48 -112 129 -75 -174 105 -83 161 -73 51 -63 10 69 120 46 -72 131 -63 56 -104 -136 -55 15 8 4 192 22 59 105 114 -155 -121 -94 -181 -166 -88 -121 -124 -138 119 106 82 -27 165 28 75 70 97 2 -90 96 -185 21 -179 127 -132 -56 125 182 128 -101 2 -134 63 -48 57 -1 -89 53 -106 15 -91 116 -54 184 5828642.695903768 1.5365660064267412E7 103.99279844968895 0.0 
34 133 25 -112 71 -110 50 -112 128 -75 -170 105 -83 163 -73 51 -63 11 68 122 46 -66 129 -65 57 -101 -134 -55 15 13 12 168 19 58 89 113 -153 -121 -106 -172 -166 -88 -118 -120 -138 122 107 82 -27 159 31 75 72 96 8 -77 -52 -132 20 -151 129 -93 -56 125 177 131 -101 3 -109 67 -49 57 -1 -89 50 -94 16 -141 99 -58 188 5996695.344178533 1.2760834396436429E7 111.12523266311044 0.0 
35 133 25 -111 79 -111 50 -112 127 -76 -175 105 -84 161 -73 51 -63 10 68 120 46 -72 131 -63 57 -104 -135 -55 14 13 15 192 22 59 105 110 -155 -121 -94 -181 -166 -88 -121 -123 -138 119 106 84 -27 165 28 75 70 95 2 -93 96 -185 22 -179 127 -134 -56 125 182 128 -101 2 -134 63 -48 57 -1 -89 53 -106 16 -91 121 -58 184 5799793.9515738515 1.5880456643572029E7 104.80942233569964 0.0 
35 134 25 -112 79 -111 54 -112 127 -75 -175 105 -85 164 -73 51 -63 10 70 124 47 -72 130 -65 59 -104 -135 -55 15 11 11 185 19 49 82 113 -155 -120 -92 -178 -157 -102 -164 -156 -110 120 108 84 -25 168 28 75 71 99 3 -90 96 -188 16 -178 -38 -90 -56 125 176 126 -100 2 -131 72 -44 58 0 -99 52 -106 15 -89 160 -58 185 5729423.215420012 1.715531368035415E7 105.59024795992894 0.0 
-23 104 31 -87 38 -85 54 -115 46 -106 27 154 -78 57 -80 114 -93 -72 73 146 67 -58 171 -55 64 90 55 -101 -66 -31 -57 184 -62 -30 -110 -100 -100 -80 -67 -126 188 -134 -120 -136 -140 41 111 81 -55 64 -117 101 54 98 -75 -100 -25 -126 55 -74 145 -77 -47 60 155 21 -80 39 -70 128 -37 68 -93 128 8 -51 9 -48 76 -38 197 6689370.380101554 7177459.294193189 1.7285266437035737E-4 0.0 
35 134 25 -116 80 -115 46 -112 127 -75 -171 105 -84 163 -72 62 -63 11 71 124 47 -72 130 -65 59 -103 -136 -55 15 12 11 185 19 51 83 113 -155 -121 -94 -178 -156 -102 -164 -156 -111 102 106 68 -23 168 28 75 72 99 2 -78 96 -189 17 -180 -38 -91 -56 125 176 126 -100 2 -134 60 -43 58 -1 -90 52 -106 15 -90 160 -60 184 5728840.078205702 1.723180685927818E7 3.245992994654661E-4 0.0 
35 133 25 -113 76 -111 51 -112 129 -76 -174 105 -83 161 -73 50 -64 10 68 113 46 -72 131 -64 57 -104 -136 -55 15 12 7 192 19 59 91 116 -155 -120 -94 -168 -165 -92 -117 -123 -138 117 106 84 -23 164 31 74 70 99 2 -89 97 -185 21 -179 127 -129 -56 125 182 126 -100 2 -134 63 -48 56 1 -99 47 -106 16 -91 120 -58 188 5929923.096011036 1.3691460948044913E7 101.2134195623794 0.0 
35 133 25 -111 80 -111 51 -112 127 -76 -175 105 -85 164 -73 50 -63 11 71 122 47 -72 132 -62 56 -103 -135 -55 15 12 11 185 19 51 83 116 -156 -121 -92 -178 -156 -93 -164 -156 -136 122 106 83 -22 168 28 75 71 99 3 -78 96 -188 17 -178 -38 -89 -56 125 183 127 -101 2 -134 70 -43 58 0 -99 52 -106 15 -90 160 -58 188 5767348.872929639 1.6364400685407849E7 119.56426121674194 0.0 
35 134 25 -111 79 -111 47 -112 127 -77 -171 105 -84 164 -73 51 -63 11 71 123 47 -72 131 -66 59 -103 -135 -55 15 13 11 185 17 48 84 113 -154 -120 -94 -179 -156 -93 -164 -156 -137 119 106 83 -22 168 28 75 71 99 3 -78 96 -189 16 -179 -38 -90 -56 125 183 127 -102 2 -132 70 -43 57 0 -89 52 -106 15 -90 160 -61 185 5777895.760267914 1.6319590140263109E7 104.06997885484401 0.0 
34 134 25 -116 79 -111 51 -112 127 -76 -171 105 -83 164 -72 51 -63 11 71 120 47 -72 130 -63 59 -104 -135 -55 15 11 5 185 19 49 83 113 -155 -100 -92 -180 -157 -102 -164 -154 -112 122 171 83 -27 168 28 75 71 99 3 -87 97 -188 16 -179 -38 -87 -56 125 176 128 -101 2 -132 59 -44 58 0 -89 54 -106 15 -90 160 -58 185 5739521.028488488 1.698313435978086E7 35.66002958621886 0.0 
35 135 25 -111 79 -111 51 -112 130 -76 -174 105 -83 161 -73 51 -63 11 68 120 46 -72 129 -63 60 -104 -135 -55 15 13 8 193 22 59 105 104 -155 -121 -94 -181 -155 -88 -121 -123 -138 118 106 82 -30 165 28 75 72 97 2 -90 97 -185 19 -179 127 -94 -56 125 181 127 -101 2 -134 63 -48 57 -2 -89 53 -106 16 -89 118 -54 184 5878601.324991195 1.446502023417995E7 102.59278399095489 0.0 
35 133 25 -111 76 -111 51 -112 130 -76 -174 105 -83 161 -73 51 -63 11 72 113 46 -72 129 -63 57 -104 -136 -56 15 13 8 193 22 59 88 116 -155 -121 -94 -180 -155 -88 -121 -123 -138 121 106 82 -30 164 28 75 72 97 2 -90 97 -185 19 -179 127 -99 -56 125 177 127 -101 1 -134 63 -48 57 -2 -89 50 -106 16 -91 118 -54 188 5885381.6303343 1.4374942520353744E7 114.80303494319145 0.0 
35 134 25 -115 80 -111 48 -112 127 -76 -175 105 -85 164 -74 51 -63 11 71 122 47 -72 130 -62 56 -104 -135 -55 15 14 11 193 19 48 83 113 -160 -119 -92 -179 -156 -102 -164 -156 -135 101 107 84 -25 168 28 75 70 99 2 -76 98 -188 16 -178 -38 -89 -56 125 171 124 -100 2 -132 70 -43 58 0 -89 50 -106 15 -90 160 -58 184 5774288.594555709 1.6462189352686325E7 3.256052222905391E-4 0.0 
-23 104 31 -87 37 -85 54 -115 45 -108 27 154 -79 58 -80 114 -72 -72 72 146 67 -58 171 -55 64 90 54 -100 -66 -31 -57 182 -62 -30 -110 -99 -100 -80 -67 -126 178 -134 -120 -136 -140 41 109 81 -55 61 -117 96 54 98 -76 -100 -12 -127 55 -73 145 -77 -47 60 152 21 -80 39 -70 128 -37 68 -93 128 8 -51 67 -48 76 -37 197 6638609.179439231 7377727.111717743 1.7523966837113447E-4 0.0 
35 134 25 -111 77 -111 51 -112 130 -76 -170 105 -83 161 -73 50 -63 11 68 120 46 -72 130 -63 60 -104 -135 -55 15 11 11 191 20 51 89 114 -155 -121 -93 -181 -165 -88 -121 -123 -136 81 107 85 -28 165 28 75 70 99 -84 -88 96 -185 22 -179 127 -127 -56 125 182 125 -100 2 -134 63 -48 58 -1 -99 50 -106 15 -90 158 -58 189 5852594.951686809 1.4946572451605232E7 3.0190336148832204E-4 0.0 
35 133 25 -112 80 -111 51 -112 130 -75 -174 105 -83 161 -73 50 -63 10 71 124 46 -72 129 -63 57 -104 -136 -55 15 13 8 191 22 59 105 116 -155 -121 -94 -181 -166 -93 -119 -123 -138 119 106 82 -27 165 28 75 70 95 2 -92 96 -185 17 -179 128 -92 -53 125 182 128 -101 2 -134 59 -48 57 -1 -89 50 -106 16 -91 119 -54 188 5868639.4565879 1.4655167523661856E7 103.45519078446765 0.0 
44 135 25 -110 69 -108 47 -112 127 -75 4 103 -85 163 -72 43 -63 12 71 98 48 -66 139 -121 36 -104 -135 -114 -99 12 -64 172 17 56 118 26 -146 -119 -105 -153 -166 -93 -116 -110 -134 75 110 83 -31 158 27 75 60 97 -41 -77 -4 -128 22 -141 130 -94 -56 127 176 126 -101 2 -126 66 -48 57 2 -90 50 -102 13 -140 104 -54 188 6355184.1397999395 9162107.35636487 2.3236650808956434E-4 0.0 
4 104 31 -87 37 -85 55 -115 45 -137 27 153 -79 57 -80 114 -71 -72 73 146 69 -58 170 -55 73 83 54 -101 -66 -31 -57 184 -62 -30 -110 -99 -101 -80 -67 -126 178 -134 -120 -136 -140 41 113 81 -55 48 -117 96 54 98 -76 -99 -12 -127 55 -73 145 -77 -47 61 152 21 -80 39 -70 128 -37 68 -93 128 8 -51 67 -48 76 -38 196 6653632.030026852 7277984.263930068 1.7704322280934838E-4 0.0 
35 132 25 -88 71 -110 50 -112 130 -75 -170 104 -83 167 -73 51 -63 11 74 121 46 -64 138 -63 57 -103 -135 -55 15 8 11 174 17 58 89 114 -155 -118 -105 -167 -157 -93 -119 -111 -137 74 107 83 -23 159 31 75 70 96 -40 -72 -46 -129 22 -142 133 -92 -56 125 177 130 -95 2 -125 64 -48 57 2 -89 63 -94 16 -140 101 -55 187 6036488.858954473 1.2064820887729686E7 2.642927971815439E-4 0.0 
-23 64 -57 -90 -51 -94 15 -139 120 -129 -11 177 -44 43 -43 78 -24 -80 56 109 73 -32 123 -41 77 107 37 -68 13 36 -48 189 8 -32 -111 -99 -106 -38 -19 -85 171 -73 -105 -134 -139 43 96 106 -49 149 69 55 -53 -80 -79 -103 74 -46 24 145 199 -6 -42 55 176 20 -58 -41 90 192 46 -58 -112 63 -74 -92 -62 -23 81 -65 177 7116137.844586687 6150859.573876713 2.0856007606699715E-4 0.0 
35 134 25 -111 79 -111 47 -112 128 -75 -175 105 -85 163 -72 51 -63 11 71 122 46 -72 130 -166 23 -104 -135 -55 15 7 11 185 17 50 82 114 -155 -121 -92 -179 -157 -102 -164 -154 -111 104 108 84 -25 168 28 75 71 99 3 -79 96 -190 16 -179 -38 -88 -56 125 181 127 -100 2 -134 71 -43 58 1 -89 52 -106 15 -90 160 -61 184 5665169.751705284 1.8729844403715096E7 98.36196141965739 0.0 
34 133 25 -114 77 -111 51 -112 128 -75 -175 105 -83 161 -73 50 -61 12 72 124 47 -72 130 -70 59 -105 -136 -55 15 8 11 192 20 58 89 113 -155 -120 -94 -181 -166 -88 -120 -124 -137 121 107 85 -27 164 26 74 70 96 4 -88 96 -188 21 -178 128 -133 -56 125 176 124 -100 2 -134 58 -48 56 0 -100 51 -106 15 -91 160 -58 183 5808137.957801843 1.5675696667549526E7 117.58827330816835 0.0 
-23 89 31 -87 35 -85 54 -115 46 -129 22 154 -78 66 -80 117 -71 -72 61 146 69 -58 170 -55 73 93 54 -107 -37 -31 -27 182 -24 -28 -110 -100 -100 -81 -70 -126 177 -134 -118 -136 -144 37 111 81 -55 47 -117 96 54 98 -76 -99 -24 -127 56 -73 140 -72 -46 58 151 21 -84 40 -70 128 -37 68 -93 128 7 -105 71 -48 76 -36 193 6526632.409486388 8077221.45142773 1.9983762954992008E-4 0.0 
35 133 25 -110 71 -110 48 -112 126 -75 -170 105 -83 162 -75 50 -63 12 68 116 47 -72 130 -64 57 -105 -135 -56 15 12 7 191 17 59 89 115 -155 -121 -98 -166 -164 -93 -118 -121 -138 87 106 82 -32 166 32 74 71 97 -87 -91 96 -188 17 -165 128 -92 -56 125 177 131 -107 2 -107 63 -48 57 -1 -99 47 -106 16 -141 99 -59 188 6026068.71011303 1.2276434690639976E7 2.8610571601010796E-4 0.0 
35 134 25 -114 79 -115 52 -112 127 -75 -175 105 -83 163 -72 48 -63 11 71 122 46 -72 131 -164 21 -104 -134 -55 15 12 10 191 17 50 82 113 -152 -121 -95 -181 -157 -101 -164 -153 -111 120 105 85 -27 168 28 75 71 99 3 -88 96 -188 16 -179 -38 -88 -56 125 176 127 -100 2 -134 70 -44 58 -1 -89 53 -106 15 -90 160 -60 184 5665135.3190908665 1.880804729019177E7 82.38537871373369 0.0 
36 133 25 -83 73 -77 47 -108 127 -75 -176 103 -83 164 -73 42 -63 12 70 102 48 -66 139 -123 37 -104 -135 -114 -98 12 -64 172 17 56 117 27 -146 -119 -105 -153 -166 -94 -113 -111 -137 75 110 82 -22 165 27 75 69 97 -41 -78 -1 -134 21 -142 132 -98 -56 125 173 126 -108 2 -125 54 -48 58 4 -90 50 -102 16 -140 102 -55 192 6288631.322396488 9512430.264627464 2.2664140216308644E-4 0.0 
35 135 26 -116 79 -111 50 -112 127 -76 -171 105 -84 162 -73 51 -63 10 72 123 46 -72 127 -63 57 -105 -136 -56 19 13 15 192 20 58 89 110 -155 -121 -95 -181 -165 -88 -121 -125 -135 121 107 84 -26 159 32 74 65 96 2 -87 93 -188 17 -176 128 -135 -56 125 178 128 -101 2 -132 70 -43 58 0 -100 53 -106 15 -91 160 -58 185 5789919.774923909 1.6186415243056342E7 106.7152011519493 0.0 
35 134 25 -111 83 -111 48 -112 127 -75 -175 105 -84 163 -73 51 -63 11 71 123 47 -72 132 -65 59 -103 -135 -55 15 12 11 185 17 47 82 113 -155 -120 -92 -179 -156 -102 -164 -156 -111 121 107 85 -25 168 28 75 71 99 3 -87 96 -188 16 -179 -38 -90 -56 125 180 126 -102 2 -133 72 -43 58 0 -88 52 -106 15 -90 160 -60 184 5688680.156546301 1.7894967231435232E7 107.33832178867029 0.0 
-23 89 31 -88 35 -85 54 -115 46 -129 25 154 -79 66 -80 114 -71 -72 64 146 54 -58 170 -55 73 93 54 -107 27 40 -27 182 -24 -29 -110 -99 -97 -105 -70 -126 191 -134 -117 -136 -143 37 112 81 -56 48 -117 96 54 98 -76 -100 -12 -127 56 -70 140 -72 -47 58 151 21 -80 39 -70 128 -37 68 -93 128 7 -51 71 -48 76 -40 196 6484320.51438189 8226579.217496918 1.992444114629625E-4 0.0 
35 134 25 -110 77 -111 48 -112 128 -75 -170 105 -84 162 -74 50 -63 10 71 119 47 -72 132 -63 57 -104 -135 -55 15 8 8 191 19 59 89 115 -155 -121 -115 -178 -157 -94 -121 -124 -138 88 107 82 -27 168 31 75 103 95 -84 -91 97 -188 17 -162 128 -93 -56 125 181 128 -101 2 -107 50 -48 57 0 -89 50 -106 16 -139 100 -59 188 5972816.522300914 1.3075232282763487E7 2.893721003964818E-4 0.0 
35 134 25 -111 79 -111 48 -112 128 -75 -170 105 -85 163 -73 51 -63 11 71 123 47 -72 130 -160 59 -103 -135 -55 15 7 11 185 17 50 82 114 -155 -121 -92 -179 -157 -102 -164 -156 -111 120 106 85 -25 168 27 75 71 99 3 -87 96 -190 16 -179 -38 -89 -56 125 183 111 -101 3 -134 72 -43 58 -1 -89 52 -106 15 -90 160 -60 185 5678141.188964496 1.8361672956096627E7 107.62702515099798 0.0 
-23 64 -57 -90 -51 -94 16 -139 121 -129 -11 177 -44 43 -43 78 -24 -79 56 109 73 -33 123 -41 70 107 37 -68 13 36 -48 189 8 -31 -111 -98 -106 -38 -21 -85 171 -73 -106 -134 -139 43 98 107 -49 148 69 55 -46 -80 -79 -103 75 -46 24 166 198 -6 -42 55 156 20 -57 -41 90 193 46 -61 -111 63 -73 -92 -62 -23 81 -65 178 7097205.787585 6289798.578736255 2.1397964025917084E-4 0.0 
35 133 25 -86 75 -111 50 -112 128 -76 -172 105 -85 163 -73 50 -63 10 72 123 47 -72 138 -67 57 -103 -135 -55 14 14 4 172 21 49 90 116 -155 -121 -93 -176 -166 -92 -120 -122 -133 121 106 85 -27 165 28 74 69 97 2 -89 96 -188 16 -178 128 -92 -56 125 177 126 -107 2 -131 62 -47 57 0 -89 47 -106 16 -90 120 -58 187 5918673.454124107 1.3837986889693381E7 113.77540712933356 0.0 
-23 88 31 -87 36 -85 54 -115 44 -129 25 153 -79 66 -80 114 -71 -72 62 146 54 -58 147 -55 73 93 54 -107 27 40 -27 182 -24 -28 -110 -99 -97 -105 -70 -127 191 -134 -118 -136 -143 37 112 81 -56 45 -117 96 54 98 -76 -100 -12 -127 56 -73 140 -73 -47 58 151 21 -80 39 -70 128 -37 68 -97 128 8 -51 71 -48 76 -40 196 6506249.082828484 8074379.910660021 8.342923866761819 0.0 
-23 104 31 -88 36 -85 54 -115 45 -138 25 154 -79 66 -80 114 -72 -72 73 146 69 -58 171 -55 73 90 54 -107 -66 -31 -57 182 -59 -31 -110 -99 -101 -80 -67 -127 177 -134 -117 -136 -143 42 111 72 -55 47 -115 96 54 98 -75 -99 -12 -128 55 -73 140 -73 -47 60 151 21 -83 39 -70 128 -37 68 -93 128 8 -105 72 -49 76 -37 198 6626653.253044083 7454553.6352885375 1.891017130236599E-4 0.0 
35 133 26 -85 77 -111 48 -111 127 -76 -175 105 -83 161 -73 51 -63 10 68 121 47 -72 132 -64 57 -104 -135 -55 15 14 8 188 19 59 90 116 -155 -121 -94 -169 -166 -92 -119 -118 -138 122 106 84 -23 165 28 76 70 99 2 -92 96 -188 17 -178 127 -94 -56 125 177 128 -107 1 -134 63 -48 57 -1 -87 47 -106 16 -90 119 -53 188 5989934.539017868 1.2744763164279992E7 114.36553299692177 0.0 
-23 89 32 -88 35 -85 54 -115 46 -129 25 154 -78 66 -80 114 -71 -72 36 146 48 -58 168 -55 73 93 54 -107 26 41 -29 182 -21 -29 -110 -99 -97 -106 -69 -127 177 -133 -154 -136 -144 41 112 81 -56 47 -117 96 54 90 -76 -100 -12 -127 56 -73 141 -72 -47 60 151 21 -82 39 -70 128 -37 68 -93 128 8 -105 71 -49 76 -40 196 6429816.634600959 8522713.99467059 2.1340234873709477E-4 0.0 
35 132 25 -88 70 -110 50 -112 130 -75 -170 104 -83 167 -73 51 -63 11 74 121 46 -65 138 -123 57 -103 -135 -56 15 12 11 174 17 58 91 114 -155 -118 -105 -167 -165 -93 -119 -111 -137 74 107 83 -23 160 31 75 70 96 -40 -72 -46 -129 22 -142 133 -92 -56 125 177 130 -95 2 -125 64 -48 57 2 -89 63 -93 16 -140 101 -59 187 6119150.590531684 1.1129543974315347E7 2.5706512043828777E-4 0.0 
35 134 25 -116 80 -110 51 -112 127 -75 -170 105 -84 164 -72 51 -63 11 71 124 47 -72 130 -65 56 -104 -135 -55 15 11 11 185 17 49 83 114 -155 -120 -92 -180 -156 -102 -166 -157 -115 120 106 85 -27 167 28 75 71 99 2 -90 96 -186 16 -179 -38 -87 -56 125 177 127 -101 2 -134 60 -44 58 0 -99 54 -106 15 -90 160 -60 184 5768795.01404385 1.6488542007826177E7 104.4803871195858 0.0 
35 133 25 -87 70 -76 47 -112 127 -75 -176 103 -83 164 -73 43 -63 11 71 104 48 -66 139 -123 37 -104 -135 -113 -93 12 -64 175 17 57 118 27 -155 -119 -105 -150 -166 -94 -113 -111 -133 76 110 82 -30 165 27 75 72 97 -41 -77 -4 -133 21 -142 125 -94 -56 125 173 126 -100 2 -113 52 -49 57 4 -90 52 -102 16 -140 101 -55 188 6319975.1897146385 9350615.816212878 2.268798516974247E-4 0.0 
35 134 25 -111 79 -111 48 -112 127 -76 -170 105 -84 163 -73 48 -63 11 71 123 47 -72 130 -65 59 -103 -135 -55 15 12 11 185 17 47 82 113 -155 -120 -92 -179 -157 -102 -164 -156 -116 122 106 85 -23 168 27 75 71 99 3 -87 96 -189 16 -178 -38 -90 -56 125 183 126 -100 2 -131 71 -43 58 0 -89 52 -106 15 -89 160 -61 185 5708638.290200594 1.746758236757708E7 119.6292757516365 0.0 
35 134 25 -111 79 -111 48 -111 127 -76 -170 105 -84 164 -73 51 -63 11 71 123 47 -72 130 -65 59 -104 -135 -55 15 12 11 185 17 47 84 113 -155 -120 -92 -179 -156 -102 -164 -156 -137 122 106 85 -23 168 27 75 71 99 3 -87 96 -189 16 -179 -38 -90 -56 125 183 127 -100 2 -131 72 -43 58 0 -89 52 -106 15 -89 160 -61 184 5719348.90774301 1.7283067788786083E7 119.15202431234893 0.0 
35 133 25 -113 77 -110 48 -112 128 -75 -174 105 -83 162 -73 51 -63 10 72 120 47 -72 130 -63 62 -105 -135 -56 15 12 8 182 19 58 91 114 -155 -121 -93 -179 -156 -92 -119 -120 -138 82 106 82 -22 166 29 74 71 95 -84 -91 96 -185 22 -163 128 -129 -56 125 177 127 -108 2 -112 71 -48 57 -2 -89 50 -106 15 -141 99 -58 188 5929864.144350508 1.3788890347428406E7 3.0648928659324237E-4 0.0 
-23 64 -57 -90 -51 -94 16 -139 120 -129 -11 176 -44 43 -43 78 -24 -80 56 109 73 -32 123 -41 70 107 37 -68 13 36 -48 189 8 -32 -111 -98 -106 -38 -19 -85 171 -73 -106 -134 -139 44 98 106 -49 149 69 55 -46 -80 -79 -103 74 -46 24 166 199 -6 -42 55 173 20 -57 -41 90 193 46 -58 -111 63 -74 -92 -62 -23 81 -65 178 7137949.572777568 5982340.125767579 2.0940175161410308E-4 0.0 
35 134 26 -113 79 -111 48 -112 128 -75 -174 105 -83 161 -73 51 -63 11 68 125 47 -72 128 -62 60 -104 -134 -55 15 13 13 192 19 59 89 114 -156 -121 -94 -180 -165 -93 -118 -124 -138 79 108 83 -27 167 28 75 70 97 -84 -91 96 -187 16 -179 128 -94 -56 126 178 128 -101 2 -134 70 -48 57 -2 -89 50 -106 15 -92 118 -54 188 5877647.013143097 1.4563442386303373E7 2.9779075325026217E-4 0.0 
35 133 25 -115 79 -111 48 -112 127 -76 -175 105 -84 164 -74 51 -63 11 71 123 47 -72 130 -64 56 -104 -135 -55 15 14 11 193 19 48 83 113 -160 -119 -92 -179 -156 -102 -164 -156 -111 101 107 84 -25 168 28 75 70 99 2 -76 98 -188 16 -178 -38 -91 -56 125 171 124 -100 2 -131 70 -43 58 -1 -90 50 -106 17 -90 160 -58 184 5708856.00879616 1.767852868840315E7 3.272393055928997E-4 0.0 
-23 104 31 -88 -31 -85 54 -117 46 -134 27 154 -78 56 -80 116 -72 -72 73 146 67 -58 171 -55 74 92 55 -102 -66 -31 -55 184 -62 -31 -110 -100 -100 -80 -67 -126 175 -134 -120 -136 -140 41 113 81 -55 47 -117 97 54 98 -75 -100 -12 -126 55 -74 140 -77 -47 59 151 21 -80 40 -70 129 -37 68 -94 126 8 -51 9 -49 76 -37 193 6791617.227560053 6770727.460583262 1.7649455858578396E-4 0.0 
35 134 26 -111 79 -111 51 -112 127 -76 -174 105 -85 163 -73 50 -63 11 71 124 47 -72 132 -65 59 -104 -135 -55 15 13 11 185 19 47 83 113 -155 -120 -92 -179 -157 -102 -164 -156 -116 120 107 84 -23 168 27 75 72 99 3 -89 96 -188 16 -179 -38 -88 -56 125 179 126 -102 2 -132 72 -43 58 0 -88 52 -106 16 -89 160 -61 185 5716807.622969502 1.7407464597036477E7 106.01263770457999 0.0 
35 134 25 -111 80 -111 47 -112 127 -77 -175 105 -83 167 -73 51 -63 11 71 115 47 -72 132 -67 59 -104 -135 -55 15 13 11 185 17 48 84 113 -154 -120 -92 -179 -156 -93 -164 -156 -137 119 106 85 -22 168 28 75 71 99 3 -79 96 -189 16 -179 -38 -90 -56 125 183 127 -100 2 -132 60 -43 57 0 -89 52 -106 15 -90 160 -61 185 5777994.7402011035 1.6292846303199455E7 104.20636788321215 0.0 
-23 89 32 -88 35 -85 54 -116 46 -129 25 154 -78 66 -80 118 -71 -72 32 146 54 -58 146 -55 73 93 54 -107 27 40 -29 184 -20 -28 -110 -100 -92 -102 -69 -127 177 -141 -142 -136 -144 41 112 81 -56 44 -117 95 54 98 -76 -100 -12 -127 56 -74 141 -72 -51 60 151 21 -80 46 -70 128 -37 69 -94 128 7 -52 62 -48 76 -40 199 6468260.6470859805 8348216.100672706 2.023694459807466E-4 0.0 
34 133 26 -112 76 -111 48 -111 127 -76 -170 105 -83 161 -74 50 -63 10 71 120 46 -72 128 -63 57 -104 -136 -56 15 8 8 191 19 59 88 116 -155 -121 -94 -168 -167 -93 -119 -121 -138 121 106 82 -27 167 28 75 104 97 2 -89 96 -185 16 -178 128 -95 -56 125 177 128 -106 1 -130 59 -47 57 -1 -89 50 -106 16 -91 62 -54 184 5999659.844250402 1.2641059830133822E7 112.99153860550905 0.0 
35 134 26 -112 71 -111 52 -112 128 -76 -175 104 -83 167 -73 51 -63 11 68 119 47 -72 139 -62 57 -103 -135 -55 11 13 8 176 19 58 89 114 -155 -118 -93 -166 -165 -93 -118 -125 -140 77 107 83 -23 165 31 75 70 95 -88 -73 -49 -129 20 -158 133 -93 -56 126 177 130 -95 3 -121 74 -48 57 -2 -89 53 -94 15 -141 101 -55 188 6058927.166259544 1.183413443501003E7 2.7363426813733897E-4 0.0 
34 135 25 -115 75 -110 48 -112 126 -75 -170 105 -83 163 -73 50 -63 12 75 123 47 -67 128 -62 56 -100 -134 -56 14 12 2 168 21 61 90 114 -156 -121 -98 -181 -165 -86 -118 -118 -138 87 107 83 -26 165 27 75 71 99 -88 -92 93 -188 19 -178 -36 -91 -56 126 175 125 -101 1 -134 63 -47 57 -2 -98 47 -106 16 -91 116 -59 188 5800328.422808341 1.5865728721146818E7 3.093281253903141E-4 0.0 
34 133 25 -112 80 -111 51 -112 130 -76 -175 105 -83 159 -73 50 -63 11 69 120 46 -72 129 -63 57 -105 -136 -55 15 11 8 193 22 60 88 114 -155 -121 -94 -170 -156 -88 -121 -123 -136 121 106 85 -27 164 28 76 72 97 2 -77 97 -185 15 -179 127 -128 -56 125 182 127 -101 1 -134 63 -47 57 -2 -88 50 -106 15 -91 118 -58 188 5939449.152397933 1.3565688606815048E7 113.77535056988619 0.0 
35 135 25 -110 77 -110 51 -112 128 -75 -175 105 -83 162 -73 50 -63 11 72 117 48 -72 132 -63 57 -104 -136 -55 15 8 8 191 19 58 89 115 -155 -121 -92 -180 -157 -94 -122 -124 -138 87 106 85 -27 168 28 74 71 95 -93 -91 97 -188 17 -163 128 -93 -56 125 177 124 -102 2 -107 63 -48 57 0 -89 50 -106 16 -141 100 -66 188 5909422.894272522 1.4115860093658188E7 3.058283387570699E-4 0.0 
35 133 26 -85 77 -111 50 -111 127 -74 -175 106 -83 163 -72 50 -63 11 68 121 47 -72 132 -64 56 -102 -135 -55 14 12 4 188 19 56 90 116 -155 -121 -94 -168 -166 -92 -119 -118 -138 122 106 84 -22 165 28 75 70 99 2 -92 99 -189 17 -178 127 -93 -56 125 177 128 -101 2 -132 70 -48 57 -1 -86 47 -106 16 -91 119 -53 188 5949159.637022094 1.3358826554100638E7 115.09487470820912 0.0 
36 133 25 -83 68 -70 47 -108 130 -75 -176 103 -83 170 -73 43 -63 12 46 102 48 -66 138 -123 37 -104 -135 -59 -94 13 -64 173 17 57 120 27 -184 -119 -105 -153 -166 -93 -113 -111 -134 75 110 88 -30 167 26 75 70 97 -41 -78 -1 -134 22 -141 130 -94 -56 125 178 126 -108 2 -125 68 -43 58 -1 -90 50 -102 16 -140 101 -59 192 6259374.409142731 9776361.417935213 2.3800154555740218E-4 0.0 
35 133 25 -85 76 -111 49 -111 128 -76 -174 105 -83 161 -73 51 -63 10 72 123 47 -72 128 -63 57 -104 -135 -55 15 9 4 172 19 59 90 114 -155 -121 -94 -169 -166 -92 -118 -123 -133 121 106 85 -27 165 32 74 69 97 2 -89 96 -188 17 -178 124 -132 -56 125 177 126 -107 1 -134 63 -47 57 -2 -89 52 -106 15 -91 118 -58 187 5979816.594968156 1.296416037305519E7 112.90913298860109 0.0 
35 133 25 -85 77 -111 50 -111 127 -76 -175 105 -83 163 -72 50 -63 11 71 124 47 -72 132 -64 56 -104 -135 -55 15 12 8 188 19 56 90 116 -154 -121 -94 -169 -157 -92 -119 -118 -139 122 106 85 -22 165 28 75 71 99 2 -92 99 -188 17 -178 132 -89 -56 125 177 127 -101 1 -132 70 -48 57 -1 -87 47 -106 16 -91 119 -53 188 5939654.992864142 1.3469205789239936E7 114.5807889962794 0.0 
35 133 25 -112 80 -111 51 -112 128 -75 -174 105 -83 164 -73 50 -63 12 72 124 46 -72 133 -63 57 -104 -136 -55 15 4 8 191 22 59 105 116 -155 -121 -94 -181 -167 -93 -119 -123 -138 119 106 82 -27 165 28 75 70 97 2 -92 96 -185 22 -179 128 -134 -56 125 182 128 -101 1 -134 62 -48 57 -1 -89 50 -106 15 -91 120 -54 188 5858416.866108068 1.4822495156781822E7 103.1250695414571 0.0 
35 133 25 -114 77 -110 50 -112 127 -75 -170 105 -83 162 -73 51 -63 11 72 124 46 -72 130 -65 57 -104 -135 -55 15 13 2 168 19 58 90 115 -155 -121 -91 -178 -166 -93 -119 -121 -138 72 107 82 -22 165 28 74 71 95 -91 -90 94 -187 22 -163 128 -133 -56 125 177 124 -101 2 -110 71 -48 57 -1 -100 50 -106 15 -140 100 -54 188 5886673.089796026 1.4424442348140802E7 3.1556509668489047E-4 0.0 
35 134 25 -114 79 -111 49 -112 129 -76 -175 105 -84 163 -71 51 -63 11 67 123 47 -73 131 -66 56 -104 -135 -55 15 7 11 168 19 48 83 113 -155 -121 -94 -180 -156 -103 -164 -154 -111 86 124 85 -25 168 28 75 70 99 -88 -87 96 -188 16 -178 -38 -87 -56 125 177 126 -101 2 -135 59 -44 58 0 -88 53 -106 15 -89 160 -58 184 5748468.44606904 1.688326690702973E7 3.0448304370877047E-4 0.0 
35 134 25 -116 65 -114 52 -112 129 -76 -175 105 -83 164 -72 63 -63 11 71 124 47 -72 130 -65 59 -103 -136 -55 15 13 11 185 17 49 82 113 -154 -121 -92 -178 -156 -102 -164 -156 -111 102 107 85 -23 168 28 75 71 99 2 -78 96 -188 16 -180 -38 -90 -56 125 177 127 -101 2 -131 60 -44 58 0 -99 52 -106 15 -89 160 -60 185 5756567.391235459 1.6780451047990777E7 3.185235983436472E-4 0.0 
-20 67 -58 -90 -54 -95 15 -139 107 -129 -11 172 -44 43 -43 85 -26 -54 56 109 73 -33 124 -44 78 109 37 -63 13 36 -51 189 8 -32 -111 -99 -64 -14 -24 -85 170 -77 -105 -134 -122 42 76 92 -47 149 63 56 -53 -79 -79 -93 74 -49 24 114 199 -6 -42 55 173 20 -56 -40 90 195 48 -58 -94 62 -58 -87 -60 -23 80 -69 178 7318031.389434821 5290799.798657837 1.769823385825391E-4 0.0 
35 133 25 -85 76 -111 49 -112 129 -76 -175 105 -84 161 -73 51 -64 10 72 113 46 -72 131 -63 57 -104 -136 -56 15 12 7 171 19 59 88 116 -155 -121 -94 -168 -165 -94 -117 -123 -138 121 106 84 -27 164 31 75 70 99 1 -89 97 -185 21 -179 128 -99 -56 125 176 126 -101 1 -133 63 -48 56 1 -87 50 -106 16 -91 120 -53 188 5953148.313678519 1.3294474833464473E7 113.92097518783417 0.0 
35 132 25 -114 77 -111 48 -112 128 -75 -174 106 -83 163 -73 50 -63 10 71 120 46 -72 128 -63 57 -104 -135 -55 15 12 2 192 19 59 90 115 -155 -121 -113 -190 -157 -93 -119 -121 -138 88 106 82 -22 166 28 74 72 97 -91 -90 96 -187 22 -165 128 -133 -56 125 177 128 -101 2 -108 63 -48 57 -1 -89 47 -106 16 -141 100 -58 185 5969124.186936205 1.3178389541553095E7 2.998238770947775E-4 0.0 
35 134 25 -115 76 -111 52 -112 129 -75 -171 105 -83 165 -72 51 -63 11 71 124 47 -72 130 -163 59 -104 -134 -55 15 12 10 185 17 51 82 113 -154 -121 -92 -179 -156 -102 -165 -155 -111 122 106 85 -31 168 28 75 71 99 3 -88 96 -190 16 -179 -38 -90 -56 125 176 127 -100 2 -131 72 -44 58 1 -89 52 -106 15 -90 160 -60 184 5658540.315162842 1.8742441428622186E7 121.41245058110887 0.0 
35 133 25 -115 74 -111 48 -112 127 -75 -175 105 -85 162 -72 51 -63 11 71 124 47 -72 140 -64 56 -104 -134 -55 15 10 10 195 19 54 83 113 -156 -121 -92 -179 -156 -102 -164 -156 -111 101 108 84 -27 168 28 77 71 99 2 -78 98 -188 16 -175 -38 -91 -56 125 172 127 -101 2 -131 70 -44 57 -1 -90 52 -106 16 -92 160 -63 184 5698689.883735054 1.7903443092558157E7 3.241067814525316E-4 0.0 
35 134 25 -111 79 -111 48 -112 127 -76 -170 105 -84 164 -73 51 -63 11 71 123 47 -72 130 -65 59 -104 -135 -55 15 13 11 185 17 47 84 113 -155 -120 -94 -179 -156 -102 -164 -156 -137 121 106 85 -23 168 27 75 71 99 3 -87 96 -189 16 -179 -38 -90 -56 125 183 126 -100 2 -131 72 -43 59 0 -89 52 -106 15 -90 160 -61 184 5757136.358988152 1.6568701757825406E7 105.36111180715561 0.0 
35 133 25 -115 76 -111 53 -112 127 -75 -172 106 -83 161 -73 50 -63 10 71 123 46 -72 128 -63 56 -104 -135 -56 15 12 7 180 19 59 90 114 -156 -122 -92 -178 -166 -87 -115 -125 -137 86 107 83 -27 167 27 75 71 95 -86 -92 99 -187 22 -182 128 -93 -56 125 177 124 -101 2 -134 68 -48 57 -2 -89 46 -106 16 -91 116 -54 188 5849549.317118491 1.50451198774523E7 3.03195640193482E-4 0.0 
35 134 25 -115 80 -111 48 -111 127 -76 -171 105 -85 164 -73 51 -63 11 76 124 47 -72 130 -62 56 -104 -136 -55 15 13 11 185 19 49 84 114 -155 -120 -94 -179 -156 -87 -165 -154 -137 83 106 85 -22 167 27 75 71 99 -85 -90 96 -189 18 -178 -38 -90 -56 125 182 124 -101 2 -134 60 -43 56 -1 -99 51 -106 15 -89 160 -53 183 5789713.986084077 1.6277715583939906E7 3.095202801078359E-4 0.0 
35 135 25 -113 77 -111 51 -112 128 -76 -174 105 -83 162 -73 51 -63 10 71 122 46 -72 136 -63 62 -103 -136 -56 15 14 8 171 19 57 89 113 -156 -121 -93 -180 -166 -88 -117 -123 -138 81 106 82 -27 167 23 75 63 98 -39 -72 97 -185 10 -178 128 -131 -56 125 178 125 -97 1 -132 62 -47 57 -2 -89 47 -106 15 -90 117 -58 189 5869487.613436825 1.4772942257262029E7 3.043464563508445E-4 0.0 
35 133 26 -111 79 -111 48 -112 127 -76 -170 105 -85 163 -73 50 -63 11 76 124 47 -72 132 -63 59 -103 -135 -55 15 12 11 185 19 47 84 113 -155 -120 -95 -179 -157 -102 -164 -156 -116 120 107 84 -26 168 27 75 71 99 3 -87 96 -188 16 -179 -38 -90 -56 125 180 126 -102 2 -131 72 -43 58 0 -88 52 -106 15 -89 160 -60 185 5717682.005022575 1.7398011334834732E7 106.908459633655 0.0 
34 133 25 -116 79 -111 51 -112 127 -76 -173 105 -85 164 -72 51 -63 11 71 125 47 -72 130 -63 59 -104 -135 -55 15 11 5 185 19 49 83 113 -155 -102 -92 -180 -157 -102 -164 -156 -111 122 171 83 -28 168 28 75 71 99 3 -87 97 -188 16 -179 -38 -87 -56 125 176 128 -101 2 -132 59 -44 58 0 -89 54 -106 15 -90 160 -58 185 5699936.341786125 1.778198476399429E7 35.99418761853245 0.0 
35 134 25 -116 80 -116 51 -112 127 -75 -175 105 -83 167 -72 51 -63 11 71 124 47 -72 130 -67 59 -104 -136 -55 15 13 11 185 17 49 83 113 -153 -121 -92 -179 -158 -102 -164 -157 -111 121 106 85 -27 168 28 75 71 99 2 -88 96 -188 16 -179 -38 -90 -56 125 183 127 -100 2 -134 61 -44 58 0 -99 52 -106 15 -89 160 -61 184 5739457.58394982 1.6880427830891944E7 116.18425766757709 0.0 
35 133 25 -112 71 -110 50 -112 130 -75 -170 104 -83 167 -73 51 -63 12 74 122 47 -72 138 -62 57 -103 -135 -56 15 14 -44 167 17 58 90 114 -155 -118 -105 -181 -157 -92 -118 -119 -137 79 107 83 -23 164 27 75 70 97 -40 -77 -46 -129 22 -144 122 -92 -55 125 176 130 -95 2 -125 64 -47 57 2 -90 50 -94 16 -139 101 -55 187 6149359.870791508 1.0806429985737614E7 2.5453311562882665E-4 0.0 
35 133 25 -112 70 -110 50 -112 128 -75 -170 104 -83 167 -73 51 -63 11 74 121 47 -72 139 -65 57 -103 -135 -55 11 13 10 175 21 58 89 114 -155 -118 -105 -167 -167 -93 -118 -119 -137 78 107 83 -23 159 31 75 70 95 -41 -72 -46 -129 20 -158 133 -92 -56 125 177 130 -95 2 -121 74 -48 57 2 -89 53 -94 16 -137 101 -55 188 6078267.487760925 1.1549437141688472E7 2.637117895520725E-4 0.0 
-23 88 31 -87 35 -85 54 -115 46 -129 25 154 -78 66 -79 114 -71 -72 62 146 48 -58 171 -55 73 93 54 -107 23 39 -27 182 -24 -29 -110 -100 -97 -102 -69 -127 191 -130 -116 -136 -144 41 112 81 -57 44 -117 96 54 98 -76 -100 -12 -127 56 -70 141 -72 -51 61 151 21 -80 39 -70 128 -37 68 -89 128 7 -51 60 -49 76 -40 197 6509598.28908598 8173794.717093025 1.9794015528362452E-4 0.0 
34 134 26 -116 79 -111 48 -112 128 -75 -174 105 -84 164 -73 51 -63 11 71 123 47 -72 129 -64 59 -105 -134 -55 15 12 11 185 17 59 84 113 -155 -120 -92 -179 -167 -102 -118 -122 -138 123 106 85 -23 168 28 75 70 99 3 -89 96 -185 16 -179 -38 -90 -56 125 177 124 -101 2 -131 72 -43 58 0 -89 52 -106 15 -91 160 -60 183 5848315.101911242 1.4989485620361432E7 117.03557170640447 0.0 
35 132 25 -113 77 -111 48 -112 128 -75 -170 106 -83 155 -73 50 -63 10 71 120 47 -72 130 -63 64 -105 -135 -56 15 12 8 179 19 58 91 115 -155 -121 -113 -178 -156 -92 -117 -120 -138 82 106 82 -22 165 28 74 71 95 -91 -91 96 -187 22 -163 128 -129 -56 125 177 127 -108 2 -112 71 -48 57 -1 -89 53 -106 16 -141 100 -58 187 6005217.545799162 1.2611686587703058E7 2.907324026268743E-4 0.0 
34 133 26 -111 76 -111 48 -113 128 -76 -174 105 -83 161 -73 50 -63 10 71 120 46 -72 128 -64 60 -104 -134 -56 15 13 13 191 19 59 88 116 -155 -121 -94 -179 -167 -93 -119 -121 -138 121 106 82 -27 167 28 75 70 97 2 -89 96 -185 16 -178 128 -95 -56 125 177 128 -106 1 -130 59 -47 57 -1 -89 50 -106 15 -91 119 -54 188 5909691.38868999 1.3928141064721493E7 114.72762644476128 0.0 
35 133 25 -110 70 -110 50 -112 126 -75 -175 105 -83 161 -73 51 -63 11 70 116 47 -66 129 -64 57 -101 -135 -56 15 10 2 174 17 62 89 115 -155 -121 -98 -166 -164 -93 -118 -123 -133 86 106 83 -27 166 31 75 70 96 -88 -91 96 -188 17 -161 128 -95 -56 125 175 131 -100 2 -107 63 -48 57 -1 -90 50 -106 15 -140 99 -58 184 5988219.9608348105 1.289765608838008E7 2.8973344874788675E-4 0.0 
35 133 25 -111 76 -111 48 -112 130 -75 -175 105 -83 161 -73 50 -63 10 68 120 46 -72 131 -63 60 -104 -135 -55 15 13 12 192 22 55 105 114 -155 -121 -95 -181 -166 -88 -121 -123 -137 121 107 82 -27 163 28 75 72 95 3 -93 96 -185 22 -178 128 -131 -57 125 176 128 -101 2 -129 70 -48 57 1 -89 53 -106 16 -91 118 -59 184 5819136.623196895 1.5588613881407904E7 104.26355657101757 0.0 
35 132 25 -86 75 -110 50 -111 127 -76 -174 105 -83 162 -73 50 -62 10 68 124 46 -72 141 -66 60 -102 -135 -55 15 9 4 197 19 58 89 114 -155 -121 -102 -178 -166 -92 -117 -123 -138 121 106 83 -27 164 27 75 72 95 2 -93 96 -188 19 -162 137 -91 -56 125 176 124 -100 3 -109 71 -48 58 -2 -100 53 -105 16 -140 100 -61 188 5968303.604528073 1.3058051858717456E7 114.72755042186195 0.0 
35 133 25 -113 76 -111 48 -112 129 -76 -175 105 -83 161 -73 50 -64 10 68 123 46 -72 131 -64 61 -104 -136 -55 15 12 7 192 19 59 91 116 -155 -120 -94 -168 -166 -92 -117 -123 -138 84 106 84 -23 167 31 74 70 99 -92 -89 97 -185 21 -178 127 -134 -56 125 182 126 -101 2 -134 63 -48 56 1 -99 47 -106 15 -91 120 -56 188 5939953.3666450055 1.3637361579034975E7 2.930795823137056E-4 0.0 
34 134 25 -116 74 -115 52 -112 129 -76 -171 105 -84 164 -73 52 -63 11 71 124 47 -72 131 -164 33 -104 -136 -55 15 9 11 185 17 39 84 113 -155 -120 -92 -179 -157 -102 -164 -154 -112 102 106 85 -23 167 28 75 71 99 3 -88 99 -188 17 -179 -38 -88 -56 125 182 127 -101 2 -134 60 -44 58 -2 -99 54 -106 15 -90 160 -61 184 5677219.420783755 1.848189663187797E7 3.3820499558146594E-4 0.0 
35 134 25 -111 77 -111 51 -112 130 -76 -170 105 -83 161 -73 50 -63 11 68 120 46 -72 130 -63 60 -104 -135 -55 15 11 8 191 20 51 105 114 -155 -121 -93 -181 -165 -88 -121 -123 -136 102 107 85 -30 165 28 75 70 95 2 -78 96 -185 22 -179 127 -127 -56 125 182 128 -100 1 -134 63 -48 58 -1 -99 50 -106 15 -90 118 -58 184 5816316.688465773 1.569069192101214E7 3.242800527163183E-4 0.0 
#
