#
#   Running algorithm eNSGAII on 10000000 nfe, with population size of 50.0, with epsilon values [10000.0, 100000.0, 0.1, 0.00001], with pm set to 0.02, 20.0, with injection rate of 0.25, with sbx set to 1.0, 15.0, with 81 controls varying between -199.0 and 199.0 for cell (6,6).
48 145 17 74 -115 -131 -104 -143 101 11 94 -11 105 -110 -104 -6 -69 -134 -104 -32 -50 140 -97 116 24 11 15 -114 54 160 132 -70 87 153 81 34 -102 -44 -41 -3 94 15 23 9 2 63 136 131 -156 -9 130 169 22 6 -111 -71 33 -146 -90 76 189 23 -2 31 151 99 -165 -151 -154 -145 9 -47 122 -52 -102 -185 -177 -130 -108 35 127 7589069.981630729 5098577.5231596045 2.0218029413275382E-4 0.0 
57 153 24 140 -102 -18 89 -135 97 -24 124 15 124 -171 94 -189 -106 -112 -96 -180 9 133 -48 155 24 16 -3 6 106 104 120 -113 117 155 147 130 -104 -173 -25 -29 -170 -53 18 -104 -105 142 116 87 -196 34 85 124 153 97 -84 -145 4 -187 15 -191 114 -81 -129 155 139 24 -164 15 -177 -170 10 35 36 -106 122 -109 48 -132 -22 36 163 5709687.845242179 2.0381757097142212E7 32.17456311086292 0.0 
56 152 23 141 -104 -116 88 -111 106 -24 120 14 122 -173 92 -16 -163 -112 -95 -184 4 133 -48 154 24 15 -1 7 96 104 119 -110 126 155 146 132 -104 -171 -26 -30 -166 -55 17 -104 -104 143 114 92 -197 35 86 125 153 91 -80 -137 6 -103 20 -175 118 -84 -129 155 149 23 -163 22 -105 -174 13 36 37 -106 102 -180 51 -129 -113 38 165 5879340.647049703 1.6674678136855856E7 461.41356520224673 0.0 
56 153 24 140 -101 -18 89 -135 100 -24 120 14 147 -180 92 -186 -101 -109 -96 -173 11 131 -51 150 25 17 -1 8 106 104 119 -101 117 155 146 132 -103 -168 -25 -30 -166 -51 17 -104 -136 141 117 91 -197 35 86 124 150 91 -74 -137 4 -98 20 -176 113 -87 -129 156 141 24 -164 20 -107 -181 10 35 37 -106 115 -180 62 -130 -115 37 165 5887613.923143831 1.6450237814211415E7 266.295040167821 0.0 
61 148 24 91 -147 -109 92 -117 97 -23 133 11 137 -111 -78 39 -175 -107 -193 -164 2 130 -72 127 24 16 -1 7 98 120 119 -102 114 155 154 48 -110 -108 -17 2 -173 -96 20 -104 -138 64 115 80 -198 34 87 127 153 91 -77 -96 6 -98 13 -183 110 -76 -74 165 156 23 -156 20 -99 -171 17 35 30 -132 67 -182 65 -129 -115 37 165 6479539.395349882 9089418.229728922 456.07805218383277 0.0 
42 144 -29 84 -151 -115 115 -135 103 11 71 -30 93 -124 -91 24 -68 -137 -107 -43 -43 157 -94 101 33 25 -1 67 97 148 126 -115 50 153 148 131 -111 -43 -40 0 115 -52 23 21 -13 62 135 97 -164 -6 12 133 141 84 -109 -125 32 -151 -24 116 188 -119 -101 29 133 73 -157 -167 -108 -108 8 -183 122 30 -87 -171 -189 -127 -88 33 130 6727933.498590142 8265136.060981599 14.336893916012983 0.0 
58 134 22 91 -148 -108 92 -118 97 -24 124 13 126 -114 -73 40 -165 -112 -198 -163 1 133 -69 122 24 15 -1 -27 100 114 106 -96 117 157 154 49 -102 -106 -18 -3 -170 -98 20 -103 -136 38 116 82 -137 33 93 127 157 56 -76 -95 6 -99 27 -183 115 -71 -79 157 155 22 -160 16 -100 -171 7 35 16 -133 49 -180 67 -129 -114 38 164 6567012.32533357 8591893.349488987 3.317319909348222E-4 0.0 
57 152 24 143 -103 -18 90 -135 99 -24 115 14 124 -175 90 -184 -103 -112 -96 -178 9 133 -50 154 24 16 -1 7 98 104 120 -113 117 155 146 130 -102 -169 -27 -29 -165 -51 19 -108 -105 136 114 91 -197 34 87 125 151 89 -77 -135 7 -187 14 -182 119 -184 -109 159 148 22 -163 16 -107 -171 6 35 37 -107 121 -111 53 -129 -22 37 167 5769178.162656947 1.9258666117978238E7 4.229366065745698E-4 0.0 
40 137 -31 80 -115 -131 104 -58 100 11 76 -30 93 -110 -110 66 -113 -136 -107 -43 -45 137 -97 127 36 25 3 66 93 159 117 -104 151 151 163 46 -110 -44 -41 2 115 19 22 20 -14 56 135 97 -157 -3 153 133 167 38 -104 -135 35 -145 -89 90 190 -118 -101 29 157 99 -165 -166 -122 -141 9 -178 122 -55 -103 -178 -181 -125 -102 38 165 6906128.335939495 7057157.150580731 48.76457816383079 0.0 
57 152 -12 115 -162 -108 89 -111 100 -25 116 11 127 -110 89 -16 -163 -112 -96 -195 5 130 -68 169 24 19 -1 7 99 104 119 -96 123 154 147 132 -104 -108 -17 2 -170 -52 8 -102 -136 62 115 80 -196 33 85 126 153 91 -77 -91 5 -99 19 -176 110 -77 -130 155 151 30 -156 12 -106 -172 13 35 35 -112 109 -173 63 -129 -116 39 164 6189780.932641701 1.1194731371948088E7 58.30071017705757 0.0 
59 153 24 140 -103 -8 89 -135 99 -24 117 14 123 -171 89 -190 -106 -124 -96 -178 11 133 -47 154 24 16 -1 7 98 104 120 -113 114 157 147 130 -103 -171 -27 -28 -166 -53 18 -107 -104 141 114 87 -196 35 77 125 156 100 -77 -145 7 -187 14 -190 145 -154 -95 157 148 25 -164 20 -174 -170 8 35 37 -104 122 -109 48 -130 -22 36 163 5718194.029517201 2.057035770695092E7 2.878259456474044 0.0 
57 149 24 153 -162 -108 92 -113 101 -24 120 13 139 -110 89 -7 -163 -112 -96 -198 5 130 -71 169 24 14 -1 6 102 104 119 -99 125 155 147 132 -104 -108 -18 2 -170 -52 6 -104 -138 68 114 78 -197 34 87 126 158 96 -77 -93 3 -99 20 -175 110 -85 -131 156 158 29 -157 16 -106 -179 7 35 36 -104 104 -180 53 -130 -115 38 165 6134210.162889044 1.185759998929701E7 134.87543455421618 0.0 
58 152 -9 115 -161 -110 91 -111 101 -9 121 -1 128 -110 102 25 -176 -112 -196 -167 5 132 -68 155 24 17 -1 6 96 104 119 -96 117 156 156 47 -104 -110 -18 2 -170 -54 16 -103 -136 62 114 80 -197 33 87 127 153 91 -75 -91 5 -98 20 -183 115 -76 -118 156 152 29 -159 20 -99 -170 17 35 38 -112 109 -180 65 -130 -115 38 165 6377801.216637901 9763950.813090084 27.45027290181244 0.0 
57 166 24 141 -162 -110 89 -111 100 -24 120 14 128 -110 90 -4 -163 -112 -95 -184 5 131 -74 167 23 17 -1 7 96 104 120 -100 118 155 147 132 -104 -174 -25 -31 -169 -53 16 -104 -136 132 114 88 -196 35 82 125 154 91 -80 -140 3 -99 21 -177 115 -76 -130 156 149 23 -160 15 -105 -180 13 35 37 -105 105 -180 53 -129 -114 37 165 5999948.059009894 1.4260065051379662E7 154.46633672964163 0.0 
56 152 23 154 -164 -110 90 -111 109 -24 120 14 137 -112 92 -4 -163 -112 -95 -185 12 131 -63 170 24 17 -1 7 98 103 119 -100 118 156 147 132 -104 -170 -26 -30 -171 -53 5 -104 -136 142 114 90 -197 34 86 125 153 91 -76 -137 6 -98 18 -176 114 -84 -131 156 154 23 -160 22 -106 -174 13 35 38 -104 105 -180 52 -129 -115 38 164 6048385.128182742 1.3273608886252541E7 146.83836326668523 0.0 
58 153 22 91 -147 -110 92 -111 97 -24 125 13 126 -114 -78 40 -175 -107 -198 -163 1 133 -69 123 26 15 -1 7 99 120 106 -96 117 157 154 49 -110 -106 -18 4 -170 -93 16 -103 -138 35 116 81 -138 34 93 127 157 89 -76 -95 6 -99 12 -183 114 -71 -76 157 155 22 -156 17 -100 -171 8 35 15 -133 48 -180 61 -129 -114 38 164 6536582.235994556 8686638.797382826 423.99061361143436 0.0 
58 152 -2 115 -145 -103 92 -111 108 -24 115 -5 126 -97 89 -3 -177 -112 -195 -167 5 133 -68 167 24 19 -1 7 99 104 119 -96 126 155 147 133 -104 -110 -18 2 -170 -52 7 -102 -136 58 114 80 -199 34 86 126 152 91 -77 -94 3 -96 21 -181 115 -77 -132 155 156 30 -156 24 -99 -171 13 35 37 -112 104 -173 63 -129 -114 38 164 6324305.899949628 9982871.61481575 3.4952203487167267E-4 0.0 
56 152 23 154 -164 -110 92 -111 106 -24 120 14 137 -110 89 -15 -163 -111 -95 -185 12 133 -63 166 24 17 -1 7 98 104 119 -100 122 155 146 132 -104 -173 -25 -29 -171 -51 16 -104 -136 141 114 92 -199 33 86 125 153 91 -80 -137 6 -98 21 -175 114 -75 -130 156 141 24 -157 22 -105 -183 13 35 38 -104 105 -180 52 -129 -115 38 164 6009946.817105896 1.3880864064325437E7 255.4023790720471 0.0 
56 153 24 140 -103 -8 89 -135 99 -24 118 15 124 -175 93 -178 -106 -109 -96 -181 9 133 -48 146 24 17 -1 6 106 104 121 -98 124 155 146 130 -104 -169 -24 -28 -166 -53 8 -105 -102 141 116 87 -196 34 78 124 155 99 -76 -146 19 -187 11 -192 114 -87 -128 155 139 25 -164 20 -173 -170 8 35 36 -106 121 -111 51 -129 -22 36 168 5727411.861308868 2.009261598733634E7 435.54508348037393 0.0 
58 152 24 138 -162 -116 89 -114 101 -24 120 13 127 -110 92 -16 -163 -112 -96 -184 2 132 -68 167 27 14 0 6 105 104 119 -100 136 156 146 132 -104 -109 -19 1 -170 -51 17 -104 -136 63 114 80 -198 33 86 125 154 91 -81 -98 3 -99 20 -176 110 -77 -131 156 150 23 -157 28 -105 -176 13 35 37 -117 105 -180 61 -129 -112 38 165 6118761.417958096 1.2198016775924394E7 206.81742624024972 0.0 
56 152 24 142 -101 -117 89 -111 101 -24 120 14 123 -175 92 -16 -163 -112 -95 -166 14 133 -48 166 25 9 -1 7 103 104 120 -112 122 155 147 132 -104 -175 -25 -31 -169 -51 16 -104 -136 136 115 92 -196 33 82 125 153 91 -83 -137 6 -99 20 -176 109 -76 -131 155 152 24 -156 17 -108 -180 13 35 37 -106 104 -180 61 -129 -115 38 165 5908177.897859712 1.5987718976941703E7 68.40086254190506 0.0 
57 153 24 140 -101 -18 87 -133 99 -24 124 14 124 -181 89 -188 -102 -118 -96 -180 2 133 -70 152 24 16 -1 6 104 104 119 -111 117 155 147 130 -104 -171 -27 -29 -170 -53 18 -104 -104 141 113 90 -197 34 78 125 154 96 -90 -140 4 -187 14 -175 115 -77 -129 155 140 23 -164 19 -105 -180 13 35 37 -104 118 -112 52 -129 -23 37 167 5777852.111108696 1.905207774453003E7 4.134471177791903E-4 0.0 
56 152 26 154 -161 -110 90 -111 109 -24 119 15 128 -109 92 -4 -163 -112 -95 -185 4 131 -67 169 24 17 -1 6 98 103 119 -99 118 156 147 132 -104 -170 -25 -30 -171 -51 4 -104 -136 146 114 89 -197 35 86 125 153 91 -76 -137 6 -98 21 -176 110 -73 -131 156 152 23 -158 22 -106 -173 13 35 38 -104 105 -180 63 -129 -115 38 164 6079313.457946863 1.2866992153526995E7 172.1381640565327 0.0 
57 152 24 139 -162 -110 94 -111 100 -24 120 12 127 -110 89 -9 -162 -112 -95 -185 8 133 -68 169 25 9 -1 8 99 116 121 -99 125 155 146 132 -104 -110 -17 5 -170 -52 6 -104 -138 61 114 81 -198 34 86 127 154 91 -82 -98 3 -99 20 -181 110 -86 -131 156 149 27 -157 22 -105 -179 9 35 37 -105 100 -174 62 -129 -114 37 164 6136977.723019944 1.1732728906105451E7 239.04513180885155 0.0 
58 152 24 139 -162 -110 94 -112 100 -24 120 13 127 -110 91 -3 -180 -112 -95 -187 12 132 -70 167 25 17 -1 8 99 116 119 -99 118 154 146 132 -111 -110 -17 5 -169 -52 6 -104 -138 61 114 80 -199 34 86 122 154 91 -82 -98 3 -98 20 -181 110 -86 -131 156 149 23 -157 22 -105 -170 9 35 37 -112 106 -180 62 -129 -114 37 165 6195212.3458125265 1.1079559442057822E7 186.87747797504454 0.0 
60 153 24 143 -102 -18 89 -136 100 -24 121 15 123 -174 96 -188 -103 -113 -96 -178 9 133 -48 155 22 14 -1 8 102 102 120 -112 115 155 147 132 -103 -167 -25 -29 -171 -53 12 -104 -135 139 114 87 -197 34 86 124 153 94 -79 -140 19 -187 14 -193 118 -84 -129 154 153 23 -164 19 -175 -169 8 35 37 -104 122 -109 51 -130 -23 36 168 5739337.865415313 1.9679315342528917E7 41.53582287577124 0.0 
57 152 24 141 -161 -108 90 -111 100 -24 134 15 128 -110 89 -9 -163 -112 -197 -167 5 130 -68 155 24 20 -1 6 98 105 119 -100 120 157 147 133 -104 -110 -18 2 -170 -52 7 -103 -136 62 114 80 -198 34 86 126 154 91 -73 -92 4 -99 20 -176 110 -85 -131 156 158 23 -157 19 -106 -171 7 35 37 -117 67 -174 63 -130 -115 37 165 6218787.78765195 1.0855846496965062E7 245.10885559128732 0.0 
57 152 24 139 -162 -110 89 -111 100 -24 123 14 127 -110 89 -9 -162 -112 -95 -185 8 133 -68 169 25 9 -1 7 99 116 121 -99 125 155 146 132 -104 -110 -17 5 -170 -52 6 -104 -138 64 114 81 -196 34 86 125 154 91 -82 -98 3 -99 20 -176 110 -86 -131 156 149 27 -157 22 -106 -179 9 35 37 -105 107 -174 62 -129 -114 37 164 6139790.98065976 1.1696685300083622E7 239.99762266852025 0.0 
57 149 24 139 -162 -110 89 -113 100 -24 120 13 128 -110 89 -9 -163 -112 -96 -197 5 133 -67 169 24 14 0 6 106 104 119 -102 117 154 146 132 -111 -110 -17 2 -170 -52 16 -104 -138 62 114 81 -197 34 86 125 158 91 -72 -93 3 -98 20 -176 109 -85 -131 157 150 27 -158 24 -105 -176 9 35 37 -105 104 -180 63 -129 -115 37 165 6098096.894834532 1.2392175060917174E7 248.98372422361666 0.0 
57 152 23 141 -162 -110 92 -111 104 -24 117 14 138 -112 92 -6 -164 -112 -95 -184 12 131 -63 169 23 16 0 7 103 104 119 -100 137 155 146 132 -104 -176 -26 -30 -171 -53 18 -104 -136 141 115 86 -196 34 86 126 153 91 -76 -139 6 -99 21 -175 115 -76 -131 156 141 24 -160 22 -105 -174 13 35 38 -105 108 -180 53 -129 -114 38 165 5999733.573495462 1.4352215235155959E7 98.29324089058706 0.0 
59 153 24 140 -102 -18 89 -135 97 -24 123 14 123 -174 90 -188 -103 -113 -95 -184 2 133 -47 147 22 16 -1 8 102 102 120 -112 117 155 147 130 -103 -171 -25 -28 -170 -53 18 -107 -105 142 114 87 -197 34 78 124 153 106 -79 -136 19 -187 14 -190 118 -84 -129 154 152 25 -163 20 -174 -170 8 35 37 -106 121 -109 51 -130 -23 36 167 5725949.159009432 2.015132245114731E7 32.97383208013893 0.0 
57 153 26 158 -161 -110 89 -113 107 -24 120 15 137 -113 90 -15 -163 -112 -95 -184 5 132 -49 169 27 17 -1 6 98 104 119 -100 118 155 147 132 -104 -180 -25 -30 -171 -53 16 -104 -136 137 114 89 -196 34 86 125 157 91 -76 -138 6 -98 20 -189 109 -74 -131 156 153 24 -163 13 -106 -174 13 35 36 -106 105 -180 61 -129 -115 38 165 5976644.255976574 1.456148026746647E7 257.6375203881417 0.0 
42 144 -29 84 -147 -115 115 -135 103 11 73 -30 93 -124 -91 24 -68 -137 -107 -43 -43 157 -95 101 34 25 -1 67 97 148 126 -115 50 153 148 141 -111 -43 -40 0 114 -52 22 21 -13 74 135 123 -164 -6 12 134 141 84 -108 -125 39 -151 -32 116 188 -119 -101 28 133 75 -158 -167 -108 -135 8 -183 121 32 -91 -171 -189 -131 -88 36 130 6707610.314949377 8375601.60523678 2.8531508255994707E-4 0.0 
43 137 -30 77 -115 -132 107 -40 104 11 94 -22 96 -111 -110 64 -69 -139 -111 -43 -49 140 -89 136 23 19 3 -120 57 159 121 -104 109 151 80 40 -107 -44 -39 2 115 15 24 4 -4 73 135 106 -155 7 172 160 80 48 -109 -126 38 -146 -90 101 176 -120 -104 29 147 98 -165 -170 -117 -128 13 -191 122 -52 -102 -185 -175 -126 -98 52 182 7154032.339854652 6185321.285628437 2.2839527287584223E-4 0.0 
56 152 24 143 -103 -117 92 -112 100 -24 112 14 123 -175 92 -8 -163 -112 -92 -184 12 133 -48 166 24 15 -1 7 103 104 119 -100 136 155 147 131 -104 -168 -25 -31 -170 -51 17 -104 -136 136 114 92 -198 33 82 125 153 91 -81 -137 6 -99 20 -176 115 -76 -131 156 152 24 -156 17 -108 -174 13 35 37 -106 105 -180 61 -129 -115 38 165 5969427.225335857 1.4981113401110077E7 4.219673942232339E-4 0.0 
45 138 -31 80 -115 -115 134 -147 100 11 73 -31 86 -112 -105 66 -68 -136 -107 -43 -45 137 -97 127 37 25 3 66 96 160 117 -103 148 151 163 43 -111 -44 -41 2 115 19 22 21 -14 56 135 89 -157 8 155 133 158 96 -104 -135 35 -145 -90 91 190 -118 -101 28 146 99 -167 -166 -122 -141 8 -178 122 -55 -102 -178 -181 -125 -103 33 165 6868186.205059848 7317309.463522853 38.529347822281935 0.0 
56 152 24 142 -103 -117 89 -111 101 -24 123 14 123 -175 92 -16 -163 -112 -95 -183 12 133 -48 166 28 15 -1 7 127 104 120 -100 136 156 147 132 -104 -174 -25 -31 -169 -51 7 -104 -136 136 114 92 -198 34 86 125 150 91 -80 -137 6 -100 20 -176 109 -74 -131 158 152 24 -163 22 -108 -181 13 35 37 -106 105 -180 61 -129 -115 37 165 5966956.181845904 1.4792073635845486E7 62.61934878674818 0.0 
57 152 24 140 -103 -16 89 -135 100 -24 123 14 124 -170 95 -190 -103 -112 -96 -179 9 133 -49 147 24 16 -1 8 102 104 126 -112 117 155 147 132 -103 -171 -24 -29 -167 -53 17 -106 -105 139 113 90 -197 24 86 124 152 94 -77 -139 19 -188 14 -192 114 -76 -128 156 148 24 -164 20 -174 -168 8 36 36 -106 121 -109 48 -130 -22 38 164 5729079.032475703 2.0263670647428796E7 4.169627980093566E-4 0.0 
57 153 24 140 -100 -14 89 -134 101 -24 123 14 123 -177 91 -183 -103 -112 -96 -185 8 133 -50 152 22 16 -1 8 96 104 120 -111 117 156 146 130 -103 -171 -27 -29 -166 -53 18 -104 -102 141 116 92 -198 34 78 125 154 104 -76 -140 19 -187 14 -180 115 -87 -129 155 153 23 -164 19 -107 -179 8 35 38 -106 117 -109 51 -130 -112 37 167 5788978.373372067 1.8650666552606978E7 33.47166737746555 0.0 
56 152 24 139 -160 -110 89 -114 97 -24 117 13 128 -115 90 -16 -163 -112 -95 -185 3 131 -67 167 25 17 -1 7 95 104 120 -103 119 157 147 132 -103 -174 -28 -29 -170 -51 17 -104 -136 139 116 91 -196 35 86 125 154 91 -76 -139 6 -100 21 -177 114 -75 -131 156 152 30 -160 23 -106 -177 13 35 37 -103 104 -181 63 -129 -114 37 165 5988459.791372978 1.4375941778692199E7 211.285448193312 0.0 
57 169 -9 114 -162 -110 89 -114 100 -24 120 14 128 -112 89 -8 -163 -112 -96 -186 5 132 -63 165 25 14 -1 7 105 101 119 -100 123 155 146 132 -104 -179 -29 -32 -171 -53 8 -104 -137 138 115 89 -198 34 86 127 157 91 -84 -140 6 -99 21 -177 115 -75 -131 156 149 23 -155 22 -106 -173 13 35 38 -105 104 -173 61 -130 -115 37 164 6059846.895095678 1.3365777632212467E7 12.431170964262485 0.0 
57 151 24 139 -100 -85 91 -135 97 -24 124 14 122 -170 90 -189 -102 -112 -96 -169 11 133 -48 146 31 16 -2 7 98 104 121 -101 117 155 146 130 -103 -168 -26 -29 -166 -53 17 -105 -101 141 114 92 -196 34 82 126 151 95 -84 -146 20 -188 14 -182 114 -79 -129 163 143 23 -164 15 -106 -171 8 35 38 -104 121 -108 51 -129 -23 36 163 5789410.159334288 1.890038875132935E7 4.140825716259868E-4 0.0 
56 152 24 143 -103 -117 89 -112 101 -24 121 14 123 -175 92 -16 -163 -112 -95 -183 12 132 -48 166 27 15 -1 7 104 104 120 -100 136 156 147 132 -104 -175 -25 -31 -169 -51 16 -104 -136 136 114 92 -198 34 82 125 150 91 -76 -137 6 -98 20 -176 109 -76 -131 158 152 24 -163 22 -108 -180 14 35 37 -106 104 -180 61 -129 -115 38 165 5938669.40514191 1.5396346527879676E7 60.15285164838598 0.0 
45 137 -31 80 -115 -116 134 -145 100 9 73 -31 93 -110 -105 66 -68 -136 -108 -31 -45 137 -97 127 36 24 3 66 96 161 117 -103 148 151 163 46 -115 -21 -41 2 115 24 22 21 -14 56 135 88 -157 -2 155 133 167 92 -104 -135 35 -145 -91 99 190 -118 -101 28 156 99 -165 -167 -122 -141 8 -178 122 -55 -103 -178 -197 -126 -103 33 165 6856721.367472406 7537963.585013843 2.6089564161388526E-4 0.0 
57 149 24 153 -162 -110 94 -113 101 -24 120 13 139 -110 89 -7 -162 -112 -96 -197 5 131 -71 169 24 14 -1 6 102 104 119 -102 117 156 147 132 -111 -110 -17 2 -167 -52 15 -104 -138 62 114 80 -197 34 87 126 158 91 -72 -93 4 -98 20 -176 110 -85 -131 156 150 22 -157 15 -105 -179 7 35 37 -104 104 -180 53 -130 -115 38 165 6099995.63687944 1.249975176168924E7 143.01951029130348 0.0 
56 152 25 142 -103 -116 92 -115 100 -24 123 14 122 -173 90 -4 -163 -112 -95 -184 15 131 -48 166 23 18 -1 7 102 104 119 -99 136 155 146 132 -104 -174 -28 -29 -170 -52 18 -104 -136 141 115 91 -198 34 83 126 153 91 -81 -140 5 -100 23 -176 114 -74 -131 156 149 24 -156 15 -106 -181 13 35 38 -104 104 -180 53 -129 -111 37 165 5947849.813430629 1.5207714698637625E7 4.24141522647554E-4 0.0 
58 152 24 139 -162 -109 89 -114 101 -24 120 13 127 -110 89 -16 -163 -112 -96 -188 2 132 -68 167 27 14 0 6 105 104 119 -103 117 156 146 132 -104 -109 -18 1 -170 -53 16 -104 -136 63 114 80 -199 33 86 125 154 91 -81 -98 3 -99 20 -175 110 -77 -131 156 150 23 -157 23 -105 -176 13 35 37 -117 105 -180 62 -129 -112 38 165 6108833.543753019 1.2191211603241147E7 208.03076275835414 0.0 
61 152 24 142 -148 -110 88 -133 100 -24 133 14 137 -110 90 28 -183 -107 -193 -165 2 131 -71 165 24 16 -1 6 99 104 119 -99 114 157 156 50 -103 -106 -18 2 -170 -55 16 -104 -136 64 116 82 -198 38 85 127 154 96 -77 -95 5 -98 21 -184 115 -74 -118 164 153 23 -157 20 -100 -171 9 35 19 -135 61 -182 62 -129 -115 37 163 6377491.830448367 9631860.014233237 82.98509478030003 0.0 
40 137 -31 80 -115 -131 104 -58 100 11 76 -31 93 -110 -105 66 -72 -138 -107 -42 -45 137 -97 128 35 24 3 66 93 159 120 -104 151 151 144 46 -109 -44 -41 2 115 19 22 21 -14 57 135 97 -157 17 153 133 165 38 -104 -135 35 -145 -90 98 190 -118 -100 29 157 99 -167 -166 -122 -141 5 -178 122 -55 -102 -178 -181 -125 -102 33 165 6913604.713488874 7075606.524423176 2.3818649155123918E-4 0.0 
55 153 24 138 -102 -18 89 -135 97 -24 123 14 122 -174 95 -190 -103 -113 -95 -184 2 133 -46 165 22 16 -1 8 102 102 119 -112 117 155 147 130 -103 -171 -32 -28 -170 -53 18 -107 -105 141 114 91 -197 34 78 124 153 106 -79 -140 19 -187 13 -190 118 -84 -129 155 153 24 -163 20 -174 -170 8 35 38 -106 121 -109 51 -130 -23 36 167 5719916.342575582 2.0253767101173945E7 32.973776204820254 0.0 
58 152 24 138 -145 -103 94 -111 100 -24 121 14 138 -110 90 -9 -174 -107 -193 -164 1 130 -68 168 24 15 -1 7 102 114 113 -95 116 157 148 47 -103 -108 -19 11 -171 -94 17 -104 -135 64 112 82 -197 33 87 125 158 89 -73 -92 -2 -99 21 -183 115 -70 -118 156 153 23 -159 22 -100 -171 8 35 29 -123 64 -173 66 -130 -115 39 164 6395091.413058827 9495982.832204677 78.89106646385117 0.0 
58 152 -2 115 -161 -108 90 -111 101 -24 115 -6 128 -110 89 -3 -177 -112 -195 -167 5 133 -68 171 24 19 -1 7 99 104 119 -96 135 155 147 133 -104 -110 -18 2 -170 -52 7 -102 -136 58 114 80 -199 34 86 126 152 91 -77 -94 3 -98 20 -182 110 -77 -132 155 156 30 -156 12 -99 -171 13 35 37 -112 104 -173 63 -129 -116 38 164 6306136.511906176 1.0096054430491447E7 3.606511178305115E-4 0.0 
56 152 24 142 -101 -117 92 -111 101 -24 112 14 123 -175 92 -16 -163 -112 -95 -166 14 133 -48 166 24 9 -1 7 103 104 119 -112 122 155 146 132 -104 -168 -25 -31 -170 -51 16 -104 -136 136 115 92 -196 33 82 125 153 91 -83 -137 6 -99 20 -176 115 -76 -131 155 143 24 -156 17 -108 -173 13 35 37 -106 105 -180 61 -129 -115 38 165 5928691.669882468 1.5695856354360376E7 68.13900982261457 0.0 
42 143 -29 84 -147 -115 115 -135 103 9 73 -30 102 -124 -91 24 -68 -134 -107 -43 -43 157 -95 101 33 24 -1 67 97 156 126 -125 50 153 151 133 -111 -43 -40 0 114 -52 22 21 -13 70 135 124 -164 -6 12 134 141 85 -109 -125 39 -151 -21 116 188 -119 -101 29 133 75 -158 -167 -108 -136 8 -183 121 31 -82 -171 -189 -127 -88 36 130 6738964.161964812 8076327.117106025 2.804002773695447E-4 0.0 
55 152 23 143 -100 -18 94 -134 97 -24 121 14 122 -171 92 -190 -101 -109 -96 -186 11 133 -48 150 32 16 -1 7 106 103 120 -103 117 155 146 130 -103 -173 -32 -29 -166 -53 17 -104 -101 141 114 92 -197 34 85 125 151 105 -76 -140 4 -187 13 -175 117 -82 -129 159 142 24 -160 19 -106 -180 9 35 37 -106 97 -107 51 -130 -114 37 168 5809469.186445914 1.8375941220295254E7 31.465218293217756 0.0 
56 152 23 154 -164 -110 93 -111 110 -24 120 14 137 -108 91 -12 -163 -111 -95 -183 11 131 -63 169 24 16 -1 7 102 103 119 -100 122 155 146 132 -104 -173 -25 -29 -171 -51 5 -104 -136 142 114 90 -197 33 86 125 153 91 -76 -136 6 -98 21 -175 114 -74 -129 156 153 23 -161 22 -106 -180 13 35 37 -104 105 -181 51 -129 -115 38 164 6039427.080088254 1.3431790090337602E7 175.683229083223 0.0 
57 153 24 139 -101 -18 87 -134 100 -24 120 14 147 -180 89 -188 -101 -108 -96 -173 11 131 -51 150 25 16 -1 8 106 104 119 -101 117 155 146 132 -104 -168 -25 -29 -170 -51 18 -104 -137 141 117 91 -196 35 86 126 152 95 -74 -136 4 -99 21 -183 113 -75 -130 156 143 25 -161 18 -107 -181 10 35 38 -104 116 -180 62 -129 -115 37 164 5859790.817853001 1.7089034873682432E7 189.68851530131704 0.0 
57 149 -1 152 -162 -110 92 -111 101 -25 116 14 137 -110 89 -4 -163 -112 -95 -185 11 131 -63 168 24 17 -1 6 99 104 119 -100 124 157 147 132 -104 -172 -26 2 -173 -51 16 -104 -136 142 114 80 -198 33 85 125 154 91 -76 -139 3 -99 20 -175 114 -74 -131 163 141 22 -158 23 -101 -172 13 35 37 -106 105 -180 63 -129 -114 37 163 6049164.421901141 1.3475362521689799E7 103.57911595290943 0.0 
43 137 -33 78 -115 -132 107 -40 106 11 95 -11 105 -110 -107 63 -69 -139 -110 -43 -50 138 -96 124 24 19 3 23 55 161 118 -104 87 153 87 43 -114 -44 -40 1 117 13 22 9 0 72 136 130 -156 7 162 170 81 53 -109 -72 39 -144 -89 101 189 -120 -103 30 147 99 -165 -170 -127 -112 9 -188 122 -53 -100 -185 -175 -125 -108 36 126 7129692.348656661 6294397.233950846 2.2583076416235842E-4 0.0 
61 152 24 142 -146 -110 88 -133 100 -24 133 14 137 -110 89 28 -183 -107 -197 -165 2 131 -71 165 24 16 -1 6 104 104 119 -99 114 157 147 50 -103 -106 -18 2 -170 -55 16 -104 -136 64 116 82 -198 34 85 127 154 95 -77 -94 5 -98 21 -184 115 -74 -118 156 153 23 -157 20 -100 -171 9 35 19 -135 65 -182 62 -129 -115 37 163 6346235.390900408 9886740.235448705 82.72689622680697 0.0 
57 152 23 154 -164 -110 90 -111 101 -24 117 14 138 -112 92 -4 -164 -112 -95 -185 12 131 -63 170 25 17 -1 7 98 104 119 -100 122 155 146 132 -104 -172 -25 -30 -171 -53 18 -104 -136 142 114 84 -198 34 86 125 153 91 -76 -137 6 -98 18 -175 115 -76 -131 156 141 23 -160 22 -108 -174 13 35 38 -104 108 -180 52 -129 -115 38 163 6018047.1992394505 1.379095308869263E7 106.54774765947684 0.0 
57 152 24 142 -101 -113 89 -114 100 -24 120 14 124 -173 91 -4 -163 -112 -94 -184 12 132 -48 170 25 18 -1 8 97 104 112 -98 117 156 146 133 -104 -171 -27 -29 -170 -53 17 -104 -136 142 118 92 -196 34 85 126 153 95 -73 -139 6 -99 20 -183 116 -87 -130 156 140 24 -156 22 -106 -181 8 35 38 -104 118 -180 63 -129 -113 37 167 5929878.291443764 1.5790029585694354E7 32.441807506340595 0.0 
57 152 26 157 -161 -110 91 -112 101 -24 120 14 138 -109 89 -8 -163 -111 -96 -197 9 131 -70 167 23 14 0 12 103 104 119 -103 117 156 146 132 -103 -109 -18 2 -171 -53 16 -104 -136 62 104 80 -199 33 85 127 154 91 -80 -139 5 -97 20 -175 116 -84 -131 158 150 23 -157 23 -106 -179 9 35 37 -105 107 -180 53 -129 -112 38 165 6088547.967273646 1.2642311346259393E7 195.70762792000303 0.0 
57 153 24 139 -103 -18 89 -134 94 -24 124 14 123 -174 90 -189 -106 -112 -96 -181 11 133 -48 153 23 16 -1 8 105 101 124 -111 114 156 147 133 -103 -167 -33 -28 -166 -52 17 -104 -102 139 113 89 -196 34 85 125 154 83 -77 -135 -2 -187 17 -192 109 -81 -130 154 153 24 -164 19 -176 -171 10 35 37 -107 118 -109 51 -129 -22 37 163 5718473.122121654 2.035613706148341E7 31.74108645437851 0.0 
43 138 9 77 -115 -131 106 -138 104 11 94 -1 99 -110 -106 -6 -69 -136 -110 -43 -49 140 -90 119 38 33 4 -119 57 159 123 -104 69 151 82 42 -113 -44 -40 1 115 -9 30 3 0 52 135 129 -162 -4 176 169 65 42 -111 -71 34 -146 -98 101 186 18 -106 28 137 99 -165 -170 -119 -130 13 -198 122 -48 -102 -185 -177 -126 -102 52 125 7357633.043764952 5532637.211731951 2.3147533469382203E-4 0.0 
58 152 -16 115 -162 -110 91 -111 101 -24 120 -1 128 -110 93 24 -177 -112 -196 -167 5 132 -67 155 24 17 -1 6 99 104 119 -102 117 157 157 47 -104 -110 -18 2 -170 -53 16 -102 -136 62 114 80 -197 38 85 127 153 91 -77 -91 5 -99 20 -183 115 -76 -117 155 152 29 -159 20 -99 -171 17 35 37 -112 104 -181 63 -130 -115 38 165 6354385.482329524 9821704.828396853 3.612806545615886E-4 0.0 
57 152 27 91 -147 -109 92 -117 97 -24 125 13 128 -114 -79 40 -175 -107 -198 -163 1 133 -69 122 25 22 -1 7 120 120 107 -96 117 157 154 49 -110 -106 -18 2 -170 -95 20 -104 -138 63 116 81 -138 34 93 127 157 90 -76 -95 6 -99 13 -183 114 -71 -118 157 156 22 -156 17 -100 -168 7 35 15 -133 48 -180 61 -129 -114 37 164 6489646.608600437 9056821.931318935 3.463670599869811E-4 0.0 
48 138 17 77 -115 -131 -99 -143 101 11 94 -11 105 -110 -104 13 -69 -134 -104 -43 -47 140 -97 114 24 11 15 -114 54 160 122 -103 87 153 81 34 -102 -44 -41 -3 94 15 23 9 2 66 135 130 -156 -9 130 169 25 6 -111 -71 33 -146 -90 76 189 23 -2 31 151 99 -165 -151 -154 -145 9 -46 122 -52 -102 -185 -177 -130 -108 36 151 7537175.671622473 5156184.468756064 2.0542549387542162E-4 0.0 
58 151 -7 116 -161 -110 90 -111 97 -23 121 -1 126 -110 89 -5 -163 -112 -95 -193 1 133 -68 169 24 19 -1 7 99 104 119 -101 123 156 146 133 -103 -110 -18 2 -173 -52 5 -103 -136 62 114 80 -199 34 86 126 153 90 -76 -89 5 -99 19 -175 110 -78 -131 156 152 30 -157 23 -106 -178 12 35 35 -106 109 -174 63 -129 -114 37 165 6158264.644657631 1.1557323724572366E7 2.1188551068405483 0.0 
57 152 -11 116 -162 -110 89 -114 97 -24 118 11 128 -110 93 -5 -163 -112 -95 -183 12 133 -59 166 24 17 -1 6 103 104 119 -103 118 155 144 132 -103 -174 -27 -29 -170 -53 5 -104 -136 144 116 87 -198 34 84 126 153 91 -80 -140 6 -99 21 -176 110 -75 -130 156 149 25 -156 23 -108 -182 14 35 36 -105 106 -180 64 -129 -115 37 162 6069811.514678941 1.3231943962251179E7 9.037502666150274 0.0 
56 152 24 143 -106 -117 89 -111 101 -24 121 14 129 -175 92 -16 -163 -112 -95 -183 12 132 -48 166 27 15 -1 7 100 104 120 -100 136 156 145 132 -104 -181 -25 -31 -170 -51 16 -104 -136 139 114 92 -198 34 82 125 157 92 -76 -137 6 -99 20 -176 109 -76 -131 158 152 24 -157 22 -108 -180 14 35 37 -106 104 -174 63 -130 -115 38 165 5939885.288416696 1.5454835232870396E7 60.07622261595751 0.0 
41 137 -31 80 -115 -136 103 -52 100 11 73 -31 94 -112 -105 66 -113 -136 -107 -43 -45 137 -97 127 33 24 3 66 83 160 117 -105 151 151 163 46 -111 -44 -38 2 112 19 22 21 -14 56 135 89 -157 -2 155 133 165 43 -103 -135 35 -145 -90 90 190 -117 -101 28 157 99 -165 -166 -122 -129 8 -178 122 -55 -103 -178 -181 -126 -101 33 175 6937688.203854737 6983414.524399808 46.07507024169086 0.0 
59 153 24 140 -103 -16 89 -135 99 -24 126 14 124 -168 89 -190 -106 -112 -96 -178 9 132 -47 154 24 16 -1 8 92 104 120 -112 124 157 147 130 -103 -171 -24 -28 -166 -53 18 -107 -104 141 114 87 -197 34 78 125 157 99 -83 -145 7 -187 14 -190 145 -186 -95 157 148 24 -164 20 -174 -170 8 36 37 -104 121 -110 48 -130 -22 36 163 5719764.363353218 2.0610247152539674E7 4.219599032954075E-4 0.0 
56 152 -13 115 -162 -110 94 -111 93 -24 114 -4 128 -110 91 -7 -163 -112 -95 -194 5 130 -68 171 24 23 -1 6 100 104 119 -97 123 157 146 133 -103 -110 -17 2 -171 -52 7 -104 -137 59 114 80 -197 33 86 125 152 91 -77 -91 3 -99 19 -181 110 -87 -131 158 150 30 -156 23 -105 -171 7 35 36 -112 105 -180 63 -129 -115 38 161 6176492.822058382 1.129869533866019E7 89.8802364146676 0.0 
43 136 -29 81 -115 -132 107 -131 106 11 95 -12 107 -111 -62 80 -69 -139 -110 -50 -50 138 -97 136 20 19 3 -120 55 159 117 -105 110 153 87 43 -114 -44 -40 1 115 18 34 4 0 72 134 127 -155 -5 165 169 81 49 -109 -64 38 -145 -90 101 189 -123 -103 32 147 99 -165 -170 -122 -128 9 -192 123 -53 -100 -185 -175 -125 -108 37 171 7213676.239942924 5978042.423536702 2.3624778871331574E-4 0.0 
57 149 26 156 -162 -110 91 -111 99 -24 116 14 138 -107 90 -8 -163 -112 -95 -197 12 130 -70 170 24 20 -1 7 103 104 119 -99 126 156 146 132 -105 -109 -18 2 -171 -53 7 -104 -139 74 114 78 -199 33 81 126 154 95 -80 -139 5 -98 20 -174 116 -84 -130 158 150 23 -157 14 -106 -179 7 35 36 -107 105 -173 53 -129 -114 37 165 6088194.886958332 1.2593973386139832E7 257.2021705490687 0.0 
56 152 24 139 -104 -18 89 -134 99 -24 125 14 122 -174 89 -188 -103 -118 -96 -181 11 133 -47 152 32 16 -1 6 106 101 120 -111 118 156 147 133 -103 -171 -27 -29 -166 -53 17 -104 -136 141 113 90 -197 34 78 125 154 97 -77 -136 4 -188 19 -175 115 -81 -129 155 152 24 -164 19 -106 -180 10 35 36 -104 117 -110 52 -131 -112 37 167 5818365.326116802 1.7970804949818183E7 31.42440692040363 0.0 
57 152 0 116 -164 -110 90 -114 101 -24 117 -4 128 -108 92 -4 -163 -112 -95 -183 8 131 -69 170 24 18 -1 7 105 104 119 -96 122 155 146 132 -104 -174 -24 -33 -170 -52 13 -104 -136 139 114 86 -197 34 86 125 154 91 -76 -137 6 -98 20 -175 115 -74 -131 157 150 23 -163 22 -106 -180 13 35 37 -106 105 -180 52 -129 -114 37 163 6033002.854857155 1.3712749444632083E7 3.9399808351537886E-4 0.0 
42 134 -34 91 -115 -132 113 -41 104 28 94 -20 96 -111 -105 85 -69 -149 -79 -42 -49 140 -98 128 25 11 3 41 58 159 120 -103 110 151 82 40 -81 -44 -41 1 115 17 33 4 -3 73 148 112 -155 7 171 169 49 49 -109 -126 40 -143 -90 97 189 -118 -103 29 147 99 -165 -170 -117 -128 12 -192 122 -53 -103 -185 -176 -126 -86 37 170 7019021.616911374 6621174.362764647 2.1846333182730116E-4 0.0 
43 148 18 82 -116 -133 107 -138 101 11 94 -11 105 -110 -106 13 -69 -136 -108 -43 -49 140 -97 116 22 10 3 -118 53 160 122 -103 86 147 87 33 -112 -44 -41 -4 117 15 11 13 2 76 134 104 -164 -5 131 169 22 5 -111 -72 34 -140 -94 78 188 20 -12 32 147 99 -165 -156 -141 -145 9 -54 122 -46 -102 -183 -177 -125 -109 37 126 7427791.513025847 5392019.042247163 2.0805825368405242E-4 0.0 
55 152 -1 116 -162 -110 89 -111 100 -24 118 -3 127 -110 91 -15 -163 -112 -94 -184 9 130 -68 167 25 17 -1 7 95 108 119 -103 120 157 147 132 -104 -108 -17 2 -175 -52 17 -103 -138 67 114 80 -195 34 86 125 158 96 -81 -92 5 -98 21 -181 110 -76 -131 156 158 30 -160 16 -108 -176 13 36 37 -105 105 -174 63 -130 -115 38 164 6079906.1822599275 1.2914032389218705E7 88.85942574940464 0.0 
56 152 23 141 -103 -116 88 -111 98 -24 120 14 122 -173 92 -9 -163 -112 -95 -184 9 133 -49 153 24 17 -1 7 98 104 119 -111 118 155 146 132 -104 -173 -25 -30 -166 -56 17 -104 -104 139 114 92 -197 34 86 125 154 91 -80 -137 6 -103 20 -175 114 -74 -129 156 157 23 -163 14 -105 -174 13 35 38 -106 105 -180 53 -129 -113 37 166 5885427.122977587 1.6584132865501529E7 61.23085805448709 0.0 
42 144 -29 84 -147 -115 115 -136 103 11 71 -30 93 -124 -91 21 -70 -137 -107 -43 -43 157 -95 101 34 24 -1 67 97 156 126 -115 50 153 148 41 -111 -43 -40 0 123 -52 23 21 -13 55 135 123 -164 -6 12 134 141 85 -108 -125 39 -151 -22 116 188 -119 -101 28 133 75 -158 -167 -108 -124 8 -183 121 33 -86 -172 -189 -131 -88 36 130 6807241.528417149 7786284.212772564 2.720023816105154E-4 0.0 
57 152 27 91 -147 -109 92 -117 97 -24 125 13 128 -114 -79 40 -175 -107 -198 -163 1 133 -69 122 25 22 -1 7 120 120 107 -96 117 157 154 49 -110 -106 -18 2 -170 -95 20 -104 -138 63 116 81 -138 35 93 127 157 90 -76 -95 6 -99 13 -183 114 -71 -77 157 156 22 -156 17 -100 -168 7 35 15 -133 48 -180 61 -129 -114 37 164 6499719.598491761 8970290.423541456 3.4026586202175587E-4 0.0 
47 133 11 78 -115 -132 107 -41 106 27 94 -3 100 -110 -104 86 -69 -138 -79 -43 -49 139 -97 115 24 10 3 40 82 163 120 -103 110 153 81 43 -81 -44 -40 2 114 18 39 7 0 72 149 128 -156 7 171 169 79 49 -109 -141 39 -143 -89 97 189 -120 -106 29 147 99 -165 -170 -117 -128 12 -191 122 -53 -103 -185 -176 -126 -107 37 111 7084453.394405442 6391532.122146636 2.1979523735574542E-4 0.0 
40 137 -30 78 -115 -132 104 -58 77 11 76 -31 93 -110 -105 66 -114 -139 -107 -43 -45 137 -97 143 36 19 3 66 93 164 117 -104 151 151 163 46 -111 -44 -42 2 115 19 21 21 -13 56 135 97 -157 7 153 133 167 36 -120 -135 35 -151 -103 100 190 -117 -101 29 157 99 -169 -166 -122 -141 5 -178 122 -55 -103 -178 -181 -125 -102 34 165 6929434.827290123 6949793.924876926 48.61679161944362 0.0 
57 152 24 139 -101 -20 94 -136 100 -24 121 15 123 -173 90 -171 -106 -112 -96 -187 10 133 -48 171 22 17 -1 8 104 104 120 -101 118 155 146 132 -103 -179 -26 -29 -170 -53 20 -104 -137 140 116 88 -199 32 86 125 157 89 -75 -136 6 -99 21 -184 110 -73 -130 156 153 23 -161 15 -106 -181 13 36 38 -104 109 -182 62 -129 -113 38 168 5909612.524131044 1.6038246986037336E7 4.4053067385704E-4 0.0 
57 152 23 134 -161 -109 89 -112 99 -24 117 14 140 -110 92 -4 -163 -112 -95 -185 12 131 -63 170 24 17 -1 7 99 104 119 -99 135 155 144 132 -104 -176 -26 -30 -170 -53 6 -104 -136 136 116 90 -198 34 86 126 154 91 -80 -139 5 -98 21 -176 110 -76 -130 156 152 23 -157 21 -108 -181 13 35 37 -105 106 -180 62 -129 -114 38 163 6068449.571714328 1.3118241950469136E7 94.25259091893571 0.0 
56 152 24 139 -161 -110 89 -114 97 -24 118 13 128 -109 90 -16 -163 -112 -95 -185 3 131 -59 167 25 17 -1 7 95 104 120 -103 119 157 147 132 -103 -174 -26 -29 -171 -51 17 -104 -136 139 116 90 -196 35 86 125 154 91 -76 -139 6 -98 21 -177 110 -75 -131 156 152 30 -160 23 -108 -177 13 35 37 -106 105 -181 63 -129 -114 37 164 5999270.056512154 1.4193872958038926E7 212.95801352568205 0.0 
43 148 17 81 -116 -133 107 -138 104 11 94 -11 105 -110 -106 14 -69 -136 -108 -43 -49 140 -96 116 24 10 4 -118 53 160 122 -103 83 147 87 34 -112 -44 -41 -4 117 15 11 13 2 63 135 104 -164 -5 132 161 22 19 -111 -72 41 -146 -94 76 188 20 -12 31 147 99 -165 -156 -154 -145 9 -54 122 -46 -102 -183 -177 -125 -109 35 126 7408346.893802454 5484907.614322977 2.1037342586927374E-4 0.0 
56 148 23 141 -164 -110 89 -114 100 -24 120 13 138 -109 90 -4 -163 -112 -95 -184 4 131 -64 166 25 17 -1 7 102 104 119 -99 117 155 146 132 -103 -173 -27 -30 -170 -51 5 -104 -137 145 114 89 -199 35 86 127 151 91 -76 -137 3 -98 21 -176 110 -76 -131 155 152 23 -163 19 -106 -173 14 35 37 -106 106 -180 63 -130 -114 38 164 6089608.536816295 1.2765626877605116E7 135.19386869323313 0.0 
45 138 -30 80 -115 -116 134 -144 100 11 73 -31 95 -112 -105 66 -68 -136 -108 -43 -45 137 -97 127 37 24 3 66 96 160 117 -103 148 151 163 42 -111 -44 -41 2 115 19 22 21 -14 56 135 89 -157 -2 155 133 165 95 -104 -135 35 -145 -90 90 190 -118 -101 28 148 99 -165 -166 -122 -141 8 -178 122 -55 -102 -178 -181 -125 -103 33 165 6878685.832846443 7294906.520235453 2.4658112727059283E-4 0.0 
56 152 23 142 -164 -110 92 -112 106 -24 120 14 136 -110 89 -3 -163 -112 -95 -185 4 133 -63 166 24 17 -1 7 103 104 119 -99 122 155 146 132 -104 -174 -25 -29 -171 -51 16 -104 -136 139 115 89 -199 34 86 126 154 91 -79 -137 6 -98 23 -176 114 -75 -130 155 142 23 -157 22 -108 -180 13 35 37 -106 108 -180 53 -129 -115 37 165 6029894.2675258005 1.3671175194553975E7 135.11585234018992 0.0 
57 152 -13 114 -162 -110 94 -111 100 -24 114 -5 127 -110 89 -4 -163 -112 -94 -194 5 130 -68 169 24 15 -1 7 102 104 119 -99 125 154 147 133 -104 -109 -17 2 -171 -52 6 -104 -136 58 114 80 -197 33 85 125 153 91 -77 -91 5 -99 20 -176 110 -71 -131 156 157 30 -157 23 -105 -172 22 35 36 -112 104 -174 65 -129 -115 38 164 6199447.912235727 1.1108376160625262E7 3.612235777548911E-4 0.0 
55 152 24 143 -102 -18 91 -134 101 -24 121 14 124 -172 90 -190 -104 -109 -96 -187 11 136 -51 150 26 16 -1 7 104 103 120 -99 117 155 146 133 -103 -170 -34 -30 -166 -53 17 -104 -107 139 116 91 -197 33 85 125 156 94 -76 -136 5 -186 14 -177 117 -75 -129 159 145 24 -160 19 -106 -180 22 36 37 -107 117 -108 63 -130 -114 37 168 5807302.074024189 1.8451678163374547E7 4.1372565288226625E-4 0.0 
55 152 -1 115 -162 -110 89 -112 100 -24 120 -3 127 -110 89 -7 -163 -112 -97 -181 9 130 -68 166 25 20 -1 7 103 108 118 -97 117 155 146 132 -104 -104 -18 -29 -171 -51 18 -104 -138 68 114 80 -199 34 78 127 154 96 -76 -93 5 -99 20 -176 110 -75 -131 156 151 30 -156 17 -106 -175 13 35 37 -105 104 -180 64 -130 -112 38 164 6109501.9469326725 1.2493516392771406E7 59.838302036385286 0.0 
58 152 23 139 -101 -19 87 -134 97 -24 123 14 122 -174 89 -188 -102 -112 -95 -176 9 133 -48 152 25 16 -1 7 98 105 125 -112 117 155 146 132 -103 -167 -30 -29 -170 -53 16 -104 -103 141 114 91 -196 34 86 125 162 95 -77 -136 4 -99 21 -175 109 -86 -129 156 150 23 -159 17 -106 -180 8 35 37 -106 116 -181 51 -129 -112 37 166 5829935.817680382 1.769170518995741E7 35.228334653863044 0.0 
40 137 -30 80 -115 -132 104 -52 99 11 74 -31 94 -110 -105 61 -105 -139 -107 -43 -45 137 -97 127 36 25 3 66 96 164 117 -104 151 151 163 42 -111 -44 -41 2 115 19 22 21 -13 56 134 88 -157 7 156 133 83 47 -120 -135 38 -145 -90 102 189 -117 -101 29 157 99 -165 -166 -122 -129 4 -177 122 -55 -103 -178 -170 -125 -102 32 190 6993802.393450851 6777877.057599004 44.366062988621316 0.0 
56 152 -2 115 -161 -110 90 -112 100 -24 116 -1 126 -110 90 -4 -162 -112 -95 -194 2 133 -68 169 26 19 -1 7 98 104 119 -96 131 155 147 132 -104 -108 -19 2 -173 -52 17 -102 -136 63 114 80 -198 33 86 125 153 91 -77 -94 5 -98 19 -175 110 -76 -130 156 156 29 -156 24 -106 -176 14 35 35 -105 109 -175 63 -129 -114 37 165 6121481.478075813 1.2145013706717111E7 3.7297077580727506E-4 0.0 
57 152 24 139 -103 -14 89 -135 94 -24 124 14 124 -174 92 -189 -103 -112 -96 -181 11 133 -50 153 24 16 -1 6 102 101 120 -111 114 155 147 132 -104 -173 -26 -28 -166 -52 18 -104 -136 150 114 89 -196 34 86 124 154 83 -79 -135 4 -187 17 -192 114 -81 -129 156 152 18 -164 19 -176 -171 10 35 37 -107 117 -107 51 -129 -22 37 163 5739558.922647239 1.9740937484528102E7 31.699155231934377 0.0 
57 152 -13 115 -162 -108 92 -111 99 -24 121 -6 126 -110 89 -2 -163 -112 -95 -168 5 130 -68 169 24 16 -1 11 98 107 119 -99 134 155 146 132 -104 -108 -18 2 -170 -52 6 -103 -136 58 114 80 -199 34 86 126 152 91 -77 -94 3 -98 21 -176 110 -76 -131 158 151 30 -157 12 -106 -171 7 35 37 -112 104 -173 63 -129 -116 38 165 6209278.584291876 1.1032035945223587E7 3.531370286464962E-4 0.0 
57 152 -14 115 -162 -108 92 -111 100 -24 119 -5 127 -110 92 -3 -163 -112 -195 -166 2 128 -68 168 23 20 -1 6 103 104 119 -99 125 155 147 132 -104 -110 -18 1 -170 -52 7 -104 -136 59 114 78 -198 33 86 126 152 91 -77 -91 3 -96 21 -181 110 -76 -131 156 151 30 -157 24 -106 -171 13 35 37 -112 105 -174 63 -130 -115 38 165 6249453.801494234 1.0564055855019152E7 3.643532326830837E-4 0.0 
57 152 34 140 -103 -9 89 -135 95 -24 118 15 123 -176 95 -178 -103 -110 -96 -177 9 133 -49 147 24 16 -1 6 105 105 120 -99 114 155 146 130 -104 -171 -32 -28 -166 -52 17 -104 -101 142 116 91 -196 34 77 124 157 69 -77 -136 4 -187 21 -182 114 -76 -130 155 140 18 -165 19 -174 -170 8 35 37 -107 122 -109 56 -130 -24 37 164 5747540.06381371 1.9854580050343383E7 4.190138485671554E-4 0.0 
56 152 -2 116 -161 -110 89 -114 106 -24 112 14 128 -107 92 -4 -164 -112 -95 -183 8 131 -71 170 23 18 -1 7 102 104 119 -96 140 155 146 132 -103 -179 -25 1 -170 -52 6 -104 -137 139 114 92 -197 33 82 127 154 90 -79 -137 6 -98 18 -176 115 -75 -131 157 152 23 -163 22 -108 -181 13 35 37 -106 104 -180 62 -129 -114 37 164 6082722.092584555 1.2968158613508893E7 3.8828898125173176E-4 0.0 
57 152 23 153 -162 -110 91 -111 101 -24 117 14 138 -112 92 -8 -164 -112 -95 -184 12 131 -63 168 25 16 -1 7 103 104 119 -99 117 155 146 132 -104 -173 -26 -30 -171 -53 18 -104 -136 142 115 85 -199 34 86 127 153 91 -76 -139 6 -99 20 -175 115 -76 -131 156 141 23 -160 24 -108 -174 13 35 38 -104 108 -181 53 -129 -112 38 163 6019249.668243478 1.3936691985251287E7 104.61335274644935 0.0 
57 151 24 139 -100 -18 91 -135 100 -24 113 14 124 -170 95 -189 -103 -112 -96 -180 1 133 -47 147 24 15 -2 7 102 104 126 -112 115 155 147 131 -103 -170 -24 -29 -170 -53 17 -104 -137 139 114 87 -197 34 82 124 152 94 -77 -139 19 -187 14 -192 114 -84 -129 155 139 24 -163 20 -173 -170 8 35 38 -106 121 -107 48 -130 -23 36 168 5758415.71981825 1.9488788995924946E7 32.10008689248562 0.0 
57 151 23 137 -162 -109 89 -111 101 -24 117 14 140 -110 90 -4 -163 -112 -95 -185 12 132 -63 171 24 17 -1 7 98 106 119 -99 135 155 145 132 -104 -175 -26 0 -170 -53 6 -104 -136 143 116 92 -198 33 86 126 153 91 -80 -139 5 -98 21 -177 109 -75 -130 156 149 23 -157 15 -108 -176 13 35 37 -106 106 -180 62 -129 -114 38 163 6069757.988452817 1.3044445328583479E7 96.6928737460492 0.0 
57 152 24 143 -103 -16 89 -134 92 -24 124 14 124 -173 96 -190 -103 -112 -96 -179 8 133 -48 165 24 14 -3 7 102 104 120 -113 115 155 147 130 -104 -168 -25 -32 -170 -53 18 -104 -136 142 114 86 -196 33 86 124 153 97 -79 -137 4 -187 21 -190 114 -85 -129 155 139 24 -163 19 -176 -170 7 35 36 -106 122 -109 51 -129 -22 36 168 5749245.237150923 1.9588630936247297E7 32.75739095134622 0.0 
42 144 -29 84 -151 -115 102 -134 103 11 71 -30 93 -124 -91 22 -69 -137 -107 -43 -43 138 -94 101 33 24 -1 67 97 156 126 -115 49 153 148 135 -111 -43 -40 0 123 -52 25 21 -15 64 135 123 -164 -6 12 134 148 85 -109 -125 31 -151 -22 116 188 -119 -101 29 133 75 -157 -167 -108 -125 8 -183 121 29 -82 -171 -189 -131 -88 36 130 6759443.494765078 7995612.901175067 2.790948757853746E-4 0.0 
57 153 24 139 -101 -20 89 -136 101 -24 121 14 127 -180 90 -189 -107 -112 -96 -173 10 133 -49 171 23 17 -1 8 104 104 119 -100 118 155 146 132 -104 -179 -26 -31 -170 -53 17 -104 -137 140 115 90 -199 34 86 126 152 91 -75 -136 6 -99 21 -183 110 -76 -131 154 153 23 -164 22 -107 -182 13 36 36 -104 105 -180 62 -129 -111 37 165 5899571.33109933 1.6277083334882017E7 4.4160469522236124E-4 0.0 
57 152 24 143 -103 -11 90 -135 99 -24 115 14 124 -175 90 -184 -103 -112 -96 -178 9 133 -50 154 24 16 -1 7 98 104 121 -113 117 155 146 130 -103 -169 -27 -29 -165 -51 19 -105 -103 142 114 91 -197 34 87 125 151 89 -77 -135 7 -187 14 -182 119 -184 -101 159 148 22 -163 15 -107 -171 7 35 37 -104 121 -111 53 -129 -22 37 167 5757639.962134442 1.9602010686673976E7 4.2205823329762845E-4 0.0 
45 138 -31 80 -115 -115 134 -147 100 11 73 -31 86 -112 -105 66 -68 -136 -107 -43 -45 137 -97 127 37 25 3 66 96 160 117 -103 148 151 163 46 -111 -44 -41 2 115 19 22 21 -14 56 135 89 -157 8 155 133 165 38 -104 -135 35 -145 -90 91 190 -118 -101 28 146 99 -167 -166 -122 -141 8 -178 122 -55 -102 -178 -181 -125 -103 33 165 6889653.7153193755 7189889.532710971 2.4331750112379977E-4 0.0 
40 138 -30 78 -115 -132 104 -52 99 11 73 -31 94 -110 -105 66 -105 -139 -107 -43 -45 137 -97 128 30 25 3 66 93 159 117 -104 151 151 165 46 -111 -44 -41 2 115 19 22 21 -13 56 135 97 -157 7 153 133 81 36 -86 -135 38 -145 -90 91 190 -118 -101 29 157 99 -165 -166 -122 -120 5 -178 122 -55 -103 -178 -181 -125 -102 32 165 6982787.758428062 6782341.787413553 44.66600592180209 0.0 
58 152 -13 115 -146 -103 92 -111 100 -24 115 -2 126 -109 89 -3 -175 -112 -197 -166 2 127 -68 171 24 19 -1 7 104 104 119 -97 126 155 147 133 -104 -110 -17 2 -170 -51 7 -102 -136 59 114 80 -198 34 86 126 152 91 -77 -94 3 -99 19 -176 110 -76 -131 154 156 29 -156 23 -106 -171 12 35 36 -112 109 -173 63 -129 -115 38 165 6273059.17490976 1.032525348911341E7 3.520997159473646E-4 0.0 
60 152 24 91 -144 -104 92 -125 98 -23 120 14 128 -111 91 28 -175 -106 -196 -164 1 130 -72 167 23 16 0 7 98 105 120 -99 117 155 154 49 -110 -109 -19 11 -170 -93 20 -103 -138 64 114 80 -198 34 87 126 156 91 -77 -89 6 -99 20 -176 115 -71 -119 158 154 22 -157 22 -107 -171 9 35 30 -122 65 -180 66 -129 -115 37 165 6406163.785492434 9576102.906569362 3.6089160711944983E-4 0.0 
45 137 -31 80 -115 -133 89 -57 100 9 94 -25 86 -112 -105 66 -68 -136 -107 -50 -45 137 -97 127 36 24 3 66 96 164 117 -103 148 151 163 43 -110 -44 -41 2 115 19 21 21 -13 56 135 89 -156 -2 155 133 159 35 -104 -135 35 -145 -96 90 172 -118 -101 28 146 99 -165 -166 -122 -129 8 -178 122 -55 -102 -178 -181 -125 -103 36 164 6943202.462066941 6970546.2977648685 2.3807523766191567E-4 0.0 
40 137 -31 80 -115 -131 106 -53 100 11 74 -32 94 -112 -105 66 -106 -138 -107 -43 -45 114 -97 127 36 24 3 66 96 164 117 -103 151 151 163 45 -111 -44 -39 2 115 19 21 21 -12 56 135 89 -157 8 156 133 81 46 -119 -144 38 -146 -90 101 189 -117 -101 29 146 99 -167 -166 -122 -129 4 -177 123 -55 -103 -185 -177 -125 -102 37 159 6956643.803070079 6794851.977139386 82.49163477136597 0.0 
56 152 -14 116 -162 -110 89 -111 106 -24 118 -3 127 -110 89 -7 -163 -112 -96 -185 2 133 -68 165 24 19 0 7 98 108 119 -97 131 157 146 132 -103 -110 -18 2 -170 -51 12 -104 -136 64 114 80 -198 33 85 126 153 91 -77 -94 4 -98 19 -176 109 -84 -131 157 157 30 -158 15 -106 -178 13 35 37 -104 105 -179 63 -129 -115 38 161 6109919.0156541085 1.2298743063257137E7 90.3007724832091 0.0 
57 152 -1 115 -162 -108 92 -111 100 -24 116 -5 126 -110 89 -4 -163 -112 -197 -166 5 130 -88 169 27 16 -1 7 102 104 119 -96 123 157 147 132 -104 -110 -18 2 -171 -52 7 -104 -137 62 114 80 -197 33 86 126 152 91 -77 -91 3 -99 20 -181 110 -76 -131 156 151 30 -157 11 -106 -171 7 36 37 -112 104 -174 63 -130 -116 38 165 6296682.942897308 1.0293274568568733E7 3.571813697909708E-4 0.0 
56 152 -3 115 -161 -110 89 -111 99 -23 116 -1 126 -109 90 -9 -163 -112 -95 -183 8 130 -63 167 25 18 -1 7 99 105 119 -96 123 155 147 132 -104 -110 -18 2 -173 -52 13 -102 -137 62 114 80 -197 33 86 127 157 91 -82 -93 5 -98 21 -174 110 -76 -131 156 152 29 -163 23 -106 -180 13 35 37 -103 109 -180 63 -130 -114 37 164 6098273.275777826 1.264183011048473E7 88.30749001565299 0.0 
45 138 -31 80 -115 -136 98 -145 100 11 73 -26 94 -112 -105 66 -68 -136 -107 -43 -45 137 -97 127 37 25 3 66 96 160 117 -103 151 151 163 46 -111 -44 -41 2 115 19 22 21 -14 56 135 89 -157 10 154 133 167 96 -104 -135 35 -145 -102 91 190 -118 -101 29 146 99 -167 -166 -122 -141 8 -178 122 -55 -102 -178 -181 -126 -103 33 165 6860604.921892661 7425632.523292948 2.5449670382274525E-4 0.0 
57 163 -13 117 -162 -110 90 -111 101 -24 119 -4 128 -110 89 -3 -163 -112 -197 -167 12 133 -71 169 23 20 -1 7 103 105 119 -102 120 155 147 132 -104 -110 -18 1 -170 -52 7 -103 -137 62 114 81 -198 34 86 125 152 91 -74 -93 3 -99 21 -181 110 -78 -131 155 150 28 -156 24 -99 -171 13 36 38 -117 105 -174 53 -130 -115 38 165 6296519.756585919 1.017431585959118E7 8.668652707438111 0.0 
57 149 25 142 -103 -116 89 -111 105 -24 118 14 123 -173 90 -5 -163 -112 -95 -184 15 131 -48 166 23 18 -1 7 102 104 106 -99 135 155 146 132 -104 -174 -27 2 -171 -53 7 -104 -136 141 114 81 -199 34 83 124 153 91 -81 -139 6 -100 23 -177 114 -74 -131 156 150 24 -156 18 -108 -181 13 35 38 -105 104 -180 53 -129 -111 37 164 5958104.345282477 1.5097265830451699E7 4.2180374101712434E-4 0.0 
43 146 17 77 -116 -133 107 -138 104 11 94 -11 105 -110 -106 -1 -69 -136 -108 -45 -49 140 -96 116 24 10 4 -118 54 160 122 -103 87 152 87 34 -112 -44 -41 -4 117 15 11 13 2 63 136 131 -164 -5 132 169 22 6 -111 -71 41 -146 -94 76 188 20 -12 31 147 99 -165 -156 -154 -145 9 -54 122 -48 -102 -185 -177 -125 -109 35 126 7480988.3476283075 5298711.67053458 2.062382678190296E-4 0.0 
58 152 24 138 -145 -103 94 -111 100 -24 121 14 138 -110 90 -5 -174 -107 -193 -164 1 130 -71 168 24 15 -1 7 102 114 113 -95 116 157 149 46 -103 -108 -19 2 -171 -94 17 -104 -135 64 112 82 -197 33 87 125 158 60 -73 -92 -2 -99 21 -183 115 -70 -118 156 153 23 -159 22 -100 -171 9 35 28 -123 64 -173 66 -129 -115 39 164 6429054.521643948 9386818.714605043 78.15727758444808 0.0 
55 152 0 115 -162 -110 89 -111 100 -24 118 -3 127 -110 90 -14 -163 -112 -94 -193 1 133 -68 167 25 17 -1 7 95 104 119 -103 123 157 147 133 -104 -108 -18 2 -175 -52 17 -104 -136 62 114 80 -195 34 86 125 153 96 -75 -92 5 -99 21 -175 110 -77 -131 156 158 30 -157 19 -108 -176 15 35 37 -105 105 -174 62 -130 -115 38 165 6083807.955600192 1.287870473510831E7 59.39377682772271 0.0 
58 152 -9 115 -161 -110 91 -111 101 -9 121 -1 128 -110 102 25 -176 -112 -196 -167 5 132 -68 155 24 17 -1 6 96 104 119 -96 117 156 156 47 -104 -110 -18 2 -170 -54 16 -103 -136 62 114 80 -197 33 87 127 153 91 -75 -91 5 -98 20 -183 115 -76 -118 156 152 29 -159 20 -99 -170 17 35 38 -112 109 -180 65 -130 -115 38 165 6367841.219682693 9748570.709582709 27.547593212393355 0.0 
57 153 24 143 -101 -20 89 -136 101 -24 120 14 127 -181 90 -189 -107 -112 -96 -173 10 132 -49 171 23 17 -1 8 104 104 119 -101 118 155 146 132 -104 -179 -26 -32 -170 -53 17 -104 -137 140 115 90 -199 34 87 124 152 91 -75 -137 6 -99 18 -183 110 -76 -131 156 139 23 -164 22 -107 -181 13 35 36 -104 105 -169 62 -129 -111 37 165 5888336.910720579 1.6610126785774954E7 4.4320979932999463E-4 0.0 
56 152 -2 115 -161 -110 90 -111 100 -23 116 -1 126 -110 89 -9 -163 -112 -95 -193 2 133 -68 169 26 19 -1 7 99 104 119 -96 123 155 147 132 -104 -110 -18 2 -173 -52 7 -102 -136 62 114 80 -198 33 86 126 153 91 -77 -93 5 -99 19 -175 110 -76 -131 156 150 29 -156 23 -106 -170 13 36 35 -105 109 -180 63 -129 -114 37 165 6168878.663912902 1.1394506980521336E7 59.027935894583564 0.0 
58 151 -7 116 -162 -110 90 -111 97 -24 118 -1 127 -110 90 -5 -163 -112 -95 -193 1 133 -68 167 24 19 -1 7 100 104 119 -103 123 156 146 133 -104 -110 -18 2 -173 -52 6 -103 -136 62 114 80 -199 34 86 125 153 90 -76 -89 5 -99 21 -175 110 -78 -131 156 152 30 -156 23 -106 -178 13 35 35 -106 109 -174 63 -129 -114 37 165 6158433.431351245 1.1605651236889519E7 3.6579012170749343E-4 0.0 
61 152 24 140 -161 -110 88 -133 100 -24 133 14 137 -110 90 28 -184 -107 -193 -165 2 131 -71 165 24 16 -1 6 99 104 119 -102 114 157 156 48 -103 -106 -18 2 -170 -55 18 -104 -136 64 116 82 -198 38 85 127 154 96 -77 -95 5 -98 21 -184 115 -74 -118 165 153 23 -157 20 -100 -171 9 35 20 -134 66 -182 65 -129 -115 37 165 6368236.977358708 9685416.841597775 91.67884266673796 0.0 
57 152 25 140 -101 -114 88 -111 101 -24 122 14 123 -173 108 -8 -163 -112 -95 -185 9 132 -49 170 25 9 -1 7 96 104 119 -112 118 155 146 132 -104 -171 -28 -29 -167 -51 17 -104 -137 139 114 92 -196 34 83 122 157 91 -83 -136 6 -102 19 -175 118 -85 -129 155 143 24 -163 23 -104 -181 8 35 37 -106 103 -180 51 -129 -113 37 168 5917211.385724417 1.587944598095035E7 32.524780910789055 0.0 
57 153 24 139 -104 -18 91 -134 99 -24 122 14 122 -174 96 -189 -103 -112 -96 -180 11 133 -48 155 24 16 -1 7 106 104 120 -113 117 156 147 130 -103 -171 -27 -34 -167 -53 17 -104 -136 141 114 90 -197 33 87 124 153 97 -77 -135 4 -188 14 -175 115 -87 -129 156 154 24 -164 15 -105 -180 10 35 36 -107 117 -111 50 -132 -112 37 167 5829752.084552734 1.779865374720644E7 32.903589633937486 0.0 
43 133 10 79 -115 -132 106 -40 105 11 95 -11 106 -111 -104 64 -69 -139 -110 -43 -49 140 -89 137 25 19 3 -120 54 166 121 -104 109 151 79 40 -113 -44 -39 1 117 15 24 9 -3 73 135 131 -156 7 166 160 49 48 -109 -126 38 -143 -89 101 176 -120 -105 29 147 98 -165 -170 -117 -128 12 -191 122 -53 -102 -185 -176 -125 -109 51 126 7196139.266245839 6039842.234350394 2.331981386372671E-4 0.0 
58 152 22 91 -148 -110 88 -118 97 -24 124 13 126 -114 -78 39 -165 -107 -198 -164 1 133 -69 123 26 15 -1 6 99 120 106 -96 117 157 154 49 -110 -106 -18 4 -170 -93 16 -103 -136 37 116 82 -143 34 87 124 153 91 -76 -95 6 -99 19 -183 115 -73 -118 158 155 22 -160 16 -100 -171 7 35 15 -133 50 -180 61 -129 -114 38 164 6529145.7883725865 8779443.893311048 3.3452937118703794E-4 0.0 
58 152 22 91 -147 -110 88 -112 97 -24 121 13 126 -114 -78 39 -165 -113 -198 -164 1 133 -69 123 26 15 -1 7 99 120 106 -96 117 157 154 49 -110 -106 -18 4 -170 -93 16 -103 -136 67 116 82 -143 34 87 124 154 91 -75 -95 6 -99 19 -183 110 -74 -118 158 155 22 -160 16 -100 -171 7 35 29 -133 50 -180 61 -129 -114 38 164 6507009.121648557 8887667.96043383 3.369401580694565E-4 0.0 
57 152 -8 116 -162 -110 89 -111 101 -24 120 -1 129 -110 92 -7 -163 -112 -95 -185 3 132 -67 169 25 14 -1 5 100 104 119 -96 123 155 146 132 -104 -181 -29 -29 -170 -53 3 -104 -137 139 115 90 -198 34 86 127 157 90 -79 -140 6 -99 19 -174 115 -76 -131 155 152 23 -156 22 -106 -171 14 35 37 -105 105 -174 63 -130 -115 37 165 6098080.725200808 1.2706084418406816E7 3.800967432935713E-4 0.0 
57 152 -12 116 -162 -110 89 -114 99 -24 120 11 128 -110 92 -16 -163 -112 -95 -183 12 133 -59 166 24 16 -1 6 103 104 119 -103 117 155 147 132 -103 -174 -25 1 -170 -51 17 -104 -136 136 116 87 -198 34 84 125 154 91 -80 -140 6 -99 21 -177 110 -75 -129 156 152 23 -156 23 -108 -182 14 35 37 -105 105 -180 64 -129 -115 37 162 6027056.339753096 1.3799608728014622E7 59.54522983263159 0.0 
57 152 -1 116 -161 -110 91 -114 106 -24 112 -6 126 -107 92 -4 -164 -112 -95 -183 9 131 -71 170 23 18 -1 7 102 104 119 -101 125 155 146 132 -103 -179 -25 1 -173 -52 13 -104 -137 139 114 92 -196 33 86 127 154 90 -79 -137 6 -98 18 -175 110 -77 -131 158 152 23 -157 23 -106 -181 13 35 37 -105 110 -180 60 -130 -114 37 164 6014751.907160918 1.4175025681014113E7 3.951196972686698E-4 0.0 
57 151 24 139 -101 -18 89 -135 99 -24 125 14 124 -170 91 -189 -101 -112 -96 -180 1 120 -47 147 24 15 -2 7 102 104 124 -111 115 156 147 133 -103 -170 -24 -29 -170 -53 16 -104 -137 139 114 89 -197 34 86 124 152 80 -77 -139 19 -188 14 -192 114 -81 -129 155 140 24 -163 20 -176 -171 8 35 37 -106 121 -110 48 -130 -23 36 168 5749949.869615086 1.9685745190248363E7 31.18934556222067 0.0 
42 132 -33 91 -115 -132 107 -41 104 28 94 -19 96 -111 -105 85 -69 -149 -79 -42 -49 140 -98 128 25 11 3 40 58 165 120 -103 109 151 82 40 -81 -44 -41 1 115 17 33 4 -3 73 148 112 -164 7 171 169 79 49 -109 -126 55 -143 -90 97 189 -118 -103 29 147 99 -165 -170 -117 -128 12 -195 123 -53 -103 -185 -176 -126 -103 37 180 7037549.268403336 6583627.688949526 2.1873655102978222E-4 0.0 
56 150 24 139 -103 -18 89 -135 97 -24 121 14 123 -171 91 -189 -103 -112 -96 -178 9 133 -48 149 22 15 -1 8 102 104 120 -112 116 155 147 132 -104 -173 -33 -29 -170 -59 17 -104 -136 139 114 87 -197 28 86 125 154 90 -77 -137 4 -189 21 -191 110 -81 -129 157 139 23 -164 5 -176 -170 8 35 36 -106 122 -107 52 -132 -23 37 164 5758562.3065121295 1.9525980627287697E7 31.49146932220776 0.0 
58 152 23 138 -101 -19 92 -134 97 -24 123 14 122 -174 89 -188 -102 -112 -95 -176 9 131 -48 152 25 16 -3 7 98 104 125 -99 117 155 147 132 -103 -169 -30 -29 -170 -51 20 -104 -105 139 114 91 -197 34 86 126 151 95 -77 -136 4 -101 21 -181 114 -86 -129 155 143 23 -159 17 -106 -180 8 36 37 -106 116 -180 53 -129 -112 37 166 5834927.222281559 1.76703245434113E7 32.68124695932813 0.0 
58 152 23 98 -148 -103 94 -111 100 -24 121 14 128 -108 88 30 -174 -107 -194 -167 1 133 -68 174 25 15 -1 6 99 119 119 -96 117 155 155 47 -110 -106 -19 4 -170 -97 17 -103 -134 65 116 82 -142 43 86 125 158 69 -75 -93 6 -99 21 -183 115 -74 -118 158 156 22 -162 20 -99 -171 17 35 29 -122 64 -180 66 -129 -115 38 165 6469893.163488405 9151285.042735077 3.475116218961451E-4 0.0 
58 131 22 91 -148 -108 92 -118 97 -24 125 13 127 -114 -78 40 -174 -107 -198 -163 1 133 -69 122 25 15 -1 7 120 114 106 -96 117 160 154 49 -102 -106 -18 -2 -170 -98 20 -103 -135 62 116 82 -138 33 93 127 157 56 -76 -95 6 -99 27 -183 115 -71 -79 157 155 22 -156 17 -100 -171 7 35 15 -133 50 -180 61 -129 -114 38 164 6549309.723409048 8675171.53795886 3.303171523543445E-4 0.0 
56 152 -11 115 -162 -110 91 -111 100 -24 124 -1 128 -110 92 -7 -163 -112 -197 -166 2 128 -68 168 23 20 -1 7 98 104 119 -96 117 155 147 132 -104 -108 -18 2 -170 -52 7 -102 -136 68 114 78 -198 34 86 126 153 91 -75 -89 5 -99 20 -174 109 -76 -131 156 150 30 -156 22 -105 -171 13 36 35 -105 109 -179 63 -129 -115 38 165 6208601.85152437 1.0974778018519508E7 67.50268926816747 0.0 
42 106 -29 84 -147 -115 115 -135 103 11 73 -30 93 -124 -91 22 -68 -138 -107 -43 -43 138 -94 101 34 24 -1 67 97 153 126 -115 50 153 148 133 -111 -43 -40 0 124 -52 22 21 -15 75 135 124 -164 -6 12 134 141 85 -108 -125 39 -151 -31 116 188 -119 -101 29 129 86 -158 -167 -108 -122 8 -183 121 32 -91 -171 -189 -126 -88 36 130 6693800.359159215 8498482.315461693 2.8395758942940187E-4 0.0 
57 149 26 156 -161 -108 91 -111 99 -24 116 15 138 -109 89 -8 -163 -111 -96 -197 12 130 -70 169 23 14 -1 7 103 104 119 -101 126 156 146 132 -104 -109 -18 2 -171 -53 6 -104 -138 63 114 80 -199 33 78 126 154 91 -72 -139 5 -98 20 -174 116 -84 -131 156 150 23 -158 14 -106 -175 7 35 37 -107 99 -180 53 -129 -114 37 165 6129385.38266134 1.1991764071667004E7 136.06386356681807 0.0 
43 136 -29 81 -115 -132 107 -130 106 11 95 -12 107 -111 -107 65 -69 -139 -110 -50 -50 138 -97 136 20 19 3 -120 55 159 118 -105 110 153 87 43 -114 -44 -40 1 115 18 34 9 0 72 136 127 -155 8 165 169 81 49 -109 -67 39 -144 -90 101 189 -123 -103 32 147 99 -165 -170 -122 -128 9 -192 123 -53 -100 -185 -175 -125 -108 36 172 7222130.832768499 5798366.8219835395 2.335014428223777E-4 0.0 
55 152 -14 115 -162 -110 94 -111 101 -24 118 -6 127 -110 90 -6 -163 -112 -96 -181 2 133 -68 171 25 19 -1 6 99 104 119 -99 117 155 146 132 -104 -110 -27 2 -170 -62 12 -104 -137 68 114 80 -198 33 86 125 153 96 -75 -136 4 -99 21 -176 109 -75 -131 157 149 30 -159 15 -108 -182 13 35 38 -105 105 -179 63 -129 -113 38 161 6109875.819089771 1.2561545725923501E7 3.71531743004457E-4 0.0 
58 152 23 141 -148 -103 92 -110 84 -24 121 14 137 -110 91 31 -175 -107 -194 -164 2 132 -71 166 26 16 0 6 99 102 119 -102 117 157 156 50 -103 -108 -19 12 -170 -97 17 -104 -134 64 116 82 -197 34 86 126 156 91 -77 -93 5 -99 21 -178 115 -70 -131 158 156 23 -159 20 -100 -171 9 35 29 -122 64 -183 65 -129 -115 37 161 6359683.287355173 9793337.937954841 82.43451167197259 0.0 
56 152 -14 115 -162 -110 94 -111 100 -24 114 -1 128 -110 91 -3 -163 -112 -95 -193 5 131 -68 171 24 19 -1 6 99 104 119 -97 125 157 146 133 -103 -110 -17 2 -171 -68 7 -104 -137 58 114 79 -196 33 86 125 153 90 -77 -91 3 -96 20 -176 110 -77 -131 158 150 30 -156 24 -106 -171 13 35 38 -112 105 -180 63 -129 -114 38 164 6149599.487499398 1.1831634713461304E7 3.695233618193147E-4 0.0 
58 152 24 139 -106 -18 91 -134 102 -24 123 14 122 -174 89 -189 -102 -109 -95 -182 10 131 -48 152 22 16 -1 7 98 104 125 -101 117 156 147 132 -103 -172 -29 -29 -170 -51 19 -104 -101 141 114 91 -197 34 85 125 157 95 -74 -136 4 -101 20 -176 115 -101 -130 155 152 22 -159 15 -106 -179 8 35 37 -106 116 -180 51 -129 -112 37 166 5838180.162986844 1.77226636835848E7 4.2964623827441577E-4 0.0 
57 153 24 140 -100 -14 89 -111 98 -24 123 14 128 -175 91 -184 -103 -112 -96 -184 8 131 -50 148 22 16 -1 8 96 104 120 -118 124 156 147 130 -104 -170 -25 -29 -169 -53 8 -104 -138 141 116 89 -198 34 78 126 154 99 -79 -140 19 -187 14 -180 115 -76 -130 155 152 23 -164 19 -107 -179 13 35 36 -105 118 -109 51 -130 -114 37 167 5824863.265879186 1.793383554746816E7 4.1284234689864535E-4 0.0 
57 152 24 139 -101 -18 89 -135 97 -24 125 14 124 -171 92 -189 -103 -108 -96 -178 9 132 -47 149 24 15 -2 7 92 104 120 -114 117 157 147 130 -103 -171 -25 -29 -170 -53 18 -109 -104 139 114 87 -197 34 82 125 152 106 -77 -139 18 -189 15 -183 111 -77 -115 156 139 24 -163 14 -172 -170 8 36 36 -106 121 -110 51 -129 -23 37 163 5739452.102776605 2.0095838342451025E7 4.128654135592262E-4 0.0 
58 152 24 94 -145 -104 92 -110 98 -24 120 14 123 -111 91 28 -174 -107 -192 -164 1 135 -71 167 24 15 0 7 98 104 119 -99 112 155 154 49 -110 -108 -19 2 -170 -97 17 -105 -135 64 117 80 -197 34 87 126 156 91 -76 -89 -1 -99 20 -181 115 -70 -131 158 154 23 -157 22 -99 -171 9 35 28 -123 103 -173 66 -129 -115 39 164 6432505.9331526235 9352529.108443169 3.5691080758682667E-4 0.0 
56 152 -14 116 -162 -108 92 -111 100 -24 115 -5 127 -110 89 -4 -164 -112 -196 -167 2 133 -68 165 25 19 0 6 104 104 119 -96 131 156 146 133 -104 -110 -18 2 -170 -52 7 -104 -136 62 114 80 -198 33 86 126 153 91 -77 -94 4 -98 19 -176 110 -76 -131 156 150 23 -158 23 -106 -179 13 36 37 -112 109 -179 63 -130 -115 37 166 6218181.090834458 1.0955844306934208E7 3.7103375300934845E-4 0.0 
57 153 24 140 -100 -14 89 -111 101 -24 123 14 128 -175 95 -184 -103 -112 -96 -184 8 131 -50 152 22 16 -1 8 96 104 120 -118 117 156 147 130 -103 -170 -25 -29 -169 -53 18 -104 -108 139 116 86 -198 34 78 126 154 104 -79 -140 19 -187 14 -180 115 -76 -129 156 152 23 -164 19 -107 -179 8 35 38 -105 118 -109 51 -130 -114 37 168 5799239.317643635 1.8591555004334405E7 4.129882692576951E-4 0.0 
40 138 -30 78 -115 -132 104 -52 99 11 73 -31 94 -110 -105 66 -105 -139 -107 -43 -45 137 -97 128 36 25 3 66 93 159 117 -104 151 151 163 46 -111 -44 -41 2 115 19 22 21 -13 56 135 97 -157 7 153 133 81 36 -120 -135 38 -145 -90 91 190 -118 -101 29 157 99 -165 -166 -122 -120 5 -178 122 -55 -103 -178 -181 -125 -102 32 165 6969886.048188196 6797682.83759568 44.80029560148135 0.0 
56 152 23 139 -101 -15 88 -134 99 -24 125 14 123 -180 90 -189 -107 -109 -94 -184 4 133 -51 150 22 22 -1 8 105 104 119 -101 117 155 146 133 -104 -171 -26 -30 -170 -56 17 -104 -101 145 114 91 -196 35 78 126 152 97 -74 -136 5 -99 21 -183 113 -74 -130 156 157 22 -161 15 -106 -179 14 35 38 -104 108 -180 63 -129 -115 38 164 5848712.278979789 1.752493995603501E7 4.3298529230852373E-4 0.0 
58 152 24 92 -145 -109 92 -110 100 -24 121 -6 123 -110 90 -6 -175 -112 -192 -164 2 132 -71 169 24 16 -1 6 98 108 119 -96 123 155 156 49 -110 -108 -17 2 -170 -97 17 -104 -134 59 117 80 -197 34 87 126 156 91 -77 -91 3 -99 21 -181 115 -76 -131 156 154 23 -157 22 -99 -171 9 36 28 -122 104 -182 66 -129 -115 37 161 6417389.6048137685 9494694.653217962 3.6207922121844906E-4 0.0 
57 152 23 154 -164 -110 90 -111 101 -24 117 14 138 -112 92 -4 -164 -112 -95 -185 12 131 -63 170 25 17 -1 7 98 102 119 -100 121 155 146 132 -104 -172 -26 -30 -171 -53 5 -104 -136 142 114 90 -198 34 86 125 153 91 -76 -137 6 -98 18 -175 115 -76 -131 156 141 23 -160 22 -108 -174 13 35 38 -104 108 -180 52 -129 -115 38 163 6058476.770261413 1.317192235149352E7 105.74461388523548 0.0 
58 148 24 138 -145 -103 94 -110 100 -24 121 14 138 -110 89 30 -174 -107 -193 -164 1 129 -71 168 24 24 0 7 103 114 113 -95 112 157 156 46 -103 -108 -19 2 -171 -93 17 -104 -135 64 112 82 -197 36 87 127 158 89 -73 -92 5 -99 21 -183 115 -70 -118 158 160 23 -159 20 -99 -171 9 35 28 -123 64 -173 66 -129 -115 40 164 6409638.841835676 9378874.521557847 78.6142520101239 0.0 
56 152 24 141 -99 -116 91 -112 101 -23 120 14 123 -173 92 -8 -163 -112 -95 -192 10 132 -51 170 25 15 -1 6 103 104 125 -98 125 155 147 132 -104 -179 -27 -30 -170 -51 5 -104 -136 139 114 92 -198 33 82 125 151 90 -87 -136 6 -99 24 -177 109 -76 -131 157 151 25 -156 23 -106 -174 12 35 36 -106 102 -180 62 -129 -112 37 168 5989983.618848168 1.4545141700624654E7 4.1654931358510347E-4 0.0 
56 152 -2 115 -161 -110 90 -111 100 -24 116 -1 126 -110 89 -9 -163 -112 -95 -193 2 133 -68 169 26 19 -1 7 98 104 119 -96 123 155 147 132 -104 -110 -18 3 -173 -52 7 -102 -136 62 114 80 -198 33 86 126 153 91 -77 -93 5 -99 19 -175 110 -76 -131 156 150 29 -156 23 -106 -176 13 36 35 -105 109 -180 63 -130 -114 37 165 6148210.385699646 1.16629748680482E7 59.24709587806429 0.0 
57 152 23 153 -162 -110 92 -111 101 -24 117 14 138 -112 92 -8 -164 -112 -95 -184 12 131 -63 168 25 16 -1 7 98 104 119 -100 117 155 146 132 -104 -173 -26 -30 -171 -54 18 -104 -136 142 115 85 -199 34 86 127 153 91 -76 -136 6 -99 20 -175 115 -76 -129 156 153 30 -160 24 -108 -174 13 35 38 -104 105 -181 53 -129 -112 38 165 6018849.397986417 1.3863219448312279E7 105.12314270156449 0.0 
57 153 24 139 -104 -18 91 -134 99 -24 122 14 122 -171 96 -189 -103 -112 -96 -180 11 133 -48 155 24 16 -1 7 106 104 120 -113 117 156 147 130 -103 -171 -27 -34 -171 -53 17 -104 -136 141 114 90 -197 33 87 124 153 97 -77 -135 4 -188 14 -175 114 -87 -129 155 154 24 -164 19 -105 -180 10 35 36 -107 119 -111 50 -132 -112 37 168 5828099.135269563 1.7813276608095832E7 32.86107904687464 0.0 
57 152 0 116 -161 -110 91 -114 99 -24 112 -6 128 -107 92 -4 -163 -112 -95 -183 8 131 -69 170 24 18 -1 7 105 104 119 -96 119 155 146 131 -104 -174 -24 -33 -170 -52 13 -104 -137 139 114 86 -197 34 86 127 154 91 -76 -137 6 -98 20 -174 115 -74 -131 157 152 23 -163 22 -106 -180 13 35 37 -106 105 -180 52 -129 -114 37 164 6037748.688184698 1.3695213531196443E7 8.25839667383295 0.0 
57 152 -7 115 -162 -110 89 -114 101 -24 120 14 128 -112 91 -7 -163 -112 -96 -186 12 131 -69 169 25 14 -1 5 105 103 119 -100 117 155 146 132 -104 -180 -28 -32 -171 -53 16 -104 -136 138 114 87 -198 34 86 125 157 91 -83 -140 6 -99 20 -174 115 -75 -131 156 152 23 -160 22 -105 -171 13 35 38 -105 102 -180 63 -129 -115 38 163 6065841.465981705 1.3338929994540552E7 3.8804664441239006E-4 0.0 
42 132 -33 91 -115 -132 107 -60 104 28 94 -4 102 -110 -105 78 -69 -149 -79 -42 -49 140 -97 128 36 11 3 41 58 159 120 -103 109 162 81 43 -81 -44 -40 2 121 17 33 5 -3 73 148 128 -155 10 171 169 82 49 -109 -124 38 -144 -90 97 189 -120 -103 29 147 99 -165 -170 -117 -128 12 -192 122 -53 -103 -185 -176 -126 -103 37 176 7069501.024179893 6439980.074124533 2.1811964124746075E-4 0.0 
43 138 9 78 -116 -131 106 -140 104 11 94 -1 100 -110 -106 -3 -69 -136 -110 -43 -49 140 -97 119 25 20 3 -119 57 160 121 -104 69 153 81 42 -113 -44 -40 1 117 -6 16 3 0 74 135 129 -156 -4 165 169 65 48 -110 -124 53 -146 -94 101 188 22 -106 30 147 99 -165 -169 -118 -127 13 -196 121 -48 -102 -185 -177 -125 -110 52 127 7319800.255615356 5697947.763815889 2.3265307990777542E-4 0.0 
57 152 -2 114 -162 -109 89 -114 101 -24 120 7 140 -109 92 -4 -163 -112 -95 -181 12 132 -63 169 24 9 -1 7 99 106 119 -99 135 155 146 132 -103 -175 -25 -30 -171 -53 6 -104 -136 139 116 92 -196 34 86 126 155 90 -79 -139 5 -98 21 -174 110 -76 -131 154 149 23 -160 24 -108 -176 13 35 38 -106 106 -173 62 -129 -114 38 163 6078767.307048573 1.3078495151973402E7 3.8522659225550003E-4 0.0 
57 152 -2 116 -161 -110 89 -111 100 -25 115 -1 128 -110 90 -4 -163 -112 -95 -188 2 132 -68 169 25 19 -1 6 99 104 117 -96 123 156 147 132 -104 -110 -19 2 -173 -51 17 -104 -136 62 114 80 -198 33 89 125 154 91 -76 -140 5 -99 20 -175 110 -76 -131 156 150 22 -156 24 -106 -176 13 35 37 -105 107 -175 63 -129 -114 37 165 6118730.881490306 1.2319366382310359E7 3.7509221943562846E-4 0.0 
42 143 -29 84 -147 -116 115 -139 103 11 73 -30 93 -124 -91 24 -68 -137 -107 -44 -43 157 -95 101 33 24 -1 67 97 156 126 -114 50 153 148 40 -111 -43 -40 0 115 -52 22 21 -13 57 135 122 -164 -6 12 134 141 85 -109 -125 32 -151 -22 116 188 -119 -101 29 133 73 -165 -167 -108 -125 8 -183 121 30 -89 -172 -190 -126 -88 36 130 6818046.668068298 7682608.565860888 2.6455382539656696E-4 0.0 
56 152 23 154 -163 -110 92 -111 101 -24 115 14 138 -112 89 -6 -163 -112 -95 -183 15 131 -49 169 24 17 -4 7 98 104 119 -100 122 156 146 132 -104 -173 -26 -29 -170 -53 17 -104 -137 136 114 90 -198 27 81 125 153 91 -80 -135 6 -98 20 -175 110 -74 -130 156 143 24 -160 19 -105 -183 13 35 38 -104 105 -180 53 -129 -114 38 164 6008457.412303851 1.4026019830876924E7 106.68283203184505 0.0 
58 153 25 140 -103 -16 87 -135 100 -24 120 14 123 -173 90 -189 -103 -108 -95 -173 11 131 -51 165 25 17 -1 8 99 104 119 -101 136 155 146 132 -104 -167 -25 -30 -168 -51 7 -104 -136 137 116 91 -198 34 86 127 153 95 -80 -139 5 -99 21 -176 114 -76 -130 156 149 24 -156 19 -108 -179 13 35 38 -105 104 -180 62 -129 -113 37 165 5939339.100982166 1.5582037915448146E7 4.2393426945082027E-4 0.0 
57 152 -2 115 -161 -110 91 -114 99 -24 112 -5 128 -107 92 -3 -163 -112 -95 -193 12 132 -71 170 23 18 -1 7 99 104 119 -100 121 155 146 132 -103 -182 -24 -1 -170 -52 13 -104 -136 139 114 90 -196 34 86 125 153 90 -78 -137 1 -98 18 -175 109 -76 -131 158 147 23 -156 23 -106 -174 13 35 37 -104 105 -179 64 -129 -114 37 164 6009238.109124641 1.4245360631415047E7 3.927644656529691E-4 0.0 
57 152 24 158 -161 -110 92 -111 105 -24 120 15 138 -110 91 -6 -163 -112 -95 -184 4 132 -49 169 24 16 -1 6 103 104 119 -100 122 155 146 132 -104 -180 -25 -30 -170 -54 18 -104 -136 138 115 86 -196 35 86 124 153 91 -81 -138 6 -98 20 -175 109 -76 -129 156 153 23 -160 12 -106 -180 13 35 38 -106 104 -181 62 -129 -115 38 164 5987537.167296172 1.447035666446564E7 107.46859510388853 0.0 
57 152 -2 116 -162 -110 89 -111 100 -25 118 -1 126 -110 90 -15 -163 -112 -95 -185 2 132 -68 169 25 19 -1 7 99 108 117 -96 123 156 147 132 -104 -110 -19 2 -173 -51 17 -104 -136 62 114 80 -198 33 86 126 154 91 -76 -92 5 -99 20 -175 110 -76 -131 156 151 22 -156 24 -106 -176 13 35 37 -105 107 -180 63 -129 -114 37 165 6118042.947183704 1.2281118123995716E7 59.098318323516345 0.0 
57 152 23 154 -164 -110 92 -111 106 -24 117 14 138 -110 92 -4 -163 -112 -95 -185 12 132 -70 170 24 13 -1 7 98 104 120 -96 122 155 146 132 -109 -173 -25 -30 -171 -51 16 -104 -136 143 114 90 -198 34 86 125 153 91 -73 -137 6 -98 21 -175 115 -76 -131 156 141 23 -158 22 -108 -174 13 35 38 -104 105 -181 52 -129 -115 37 164 6038397.524893574 1.3581132236759882E7 106.79101243036159 0.0 
56 152 -2 115 -161 -110 89 -111 100 -23 115 -1 126 -110 90 -9 -163 -112 -96 -193 2 133 -68 167 25 19 -1 7 99 104 119 -96 123 155 147 133 -104 -110 -18 2 -173 -52 17 -102 -136 62 114 80 -198 33 86 126 158 91 -75 -94 5 -98 21 -175 110 -76 -131 156 150 29 -156 23 -106 -170 13 36 37 -106 109 -180 63 -130 -114 37 165 6138331.933580941 1.1949163949856773E7 88.31188784345933 0.0 
57 149 24 139 -103 -11 89 -135 101 -24 123 14 124 -173 92 -189 -97 -109 -95 -184 12 133 -50 148 22 16 -1 7 97 104 120 -101 117 155 146 132 -104 -178 -26 -30 -170 -53 19 -104 -99 147 114 92 -196 34 77 124 155 110 -77 -139 6 -101 21 -176 110 -86 -130 156 144 22 -159 15 -106 -179 8 35 37 -106 104 -180 51 -129 -113 37 167 5839814.936568778 1.7568997346733026E7 33.34118958732163 0.0 
56 152 -2 115 -161 -110 90 -111 103 -24 116 -1 126 -109 89 -4 -163 -112 -95 -193 2 130 -68 169 23 19 -1 7 99 105 119 -99 123 155 147 132 -104 -110 -18 2 -173 -52 7 -102 -136 62 114 80 -199 34 86 125 152 91 -77 -93 5 -99 25 -175 110 -76 -131 156 151 29 -156 22 -106 -170 13 35 37 -106 105 -180 63 -130 -114 37 165 6177003.405609991 1.1302085497730698E7 3.6436121949070247E-4 0.0 
42 144 -29 84 -147 -115 115 -136 103 11 71 -30 93 -124 -91 21 -69 -137 -107 -43 -43 157 -95 101 34 24 -1 67 97 156 126 -115 50 153 148 41 -111 -43 -40 0 123 -52 23 21 -13 55 135 123 -164 -6 12 134 141 85 -108 -125 39 -151 -22 116 188 -119 -101 28 133 75 -158 -167 -108 -124 8 -183 121 30 -86 -172 -189 -127 -88 36 130 6798990.0021772245 7811243.342252184 2.718236671662141E-4 0.0 
57 152 25 142 -103 -117 89 -115 100 -24 120 14 123 -175 92 -6 -163 -112 -95 -184 15 131 -47 166 23 17 -1 7 102 104 119 -100 136 158 147 132 -104 -172 -25 -30 -171 -51 18 -104 -136 141 114 91 -198 35 86 129 153 90 -81 -139 5 -107 20 -176 115 -74 -131 156 152 23 -156 18 -108 -179 13 35 38 -106 105 -180 61 -129 -111 38 165 5929576.787739559 1.5848769621580705E7 4.247660990410811E-4 0.0 
61 152 24 116 -162 -110 87 -133 101 -24 133 14 137 -110 90 -17 -184 -107 -193 -164 2 131 -71 165 24 16 -1 6 98 104 119 -102 114 157 156 48 -103 -106 -18 2 -170 -55 18 -104 -137 64 114 82 -198 38 86 127 154 96 -77 -96 5 -98 21 -184 115 -76 -118 165 157 23 -157 20 -99 -171 13 35 18 -134 67 -182 65 -129 -115 37 165 6388057.471282681 9672367.768417759 3.707717465706126E-4 0.0 
57 152 25 142 -103 -116 92 -115 100 -24 112 14 123 -173 92 -6 -163 -112 -95 -184 15 131 -47 165 23 17 -1 7 102 104 119 -99 136 155 147 132 -103 -172 -27 -30 -171 -51 16 -104 -136 141 114 91 -198 34 86 125 153 91 -75 -139 5 -107 20 -177 115 -74 -130 156 142 23 -156 18 -105 -180 13 35 36 -106 105 -180 61 -129 -114 38 165 5919856.252332558 1.5920593022517538E7 4.2587566108586626E-4 0.0 
57 152 24 139 -101 -20 94 -134 100 -24 121 15 123 -173 90 -191 -106 -112 -96 -174 11 133 -48 171 22 17 -1 8 104 104 120 -101 121 154 146 132 -103 -179 -26 -29 -170 -53 20 -104 -137 140 116 88 -196 32 86 126 157 89 -75 -136 6 -99 21 -176 110 -73 -130 156 153 23 -161 15 -106 -181 13 36 38 -106 116 -182 63 -129 -113 38 168 5869260.650392356 1.687687274695653E7 4.3887157830352005E-4 0.0 
59 153 24 140 -103 -16 89 -135 99 -24 126 14 124 -171 89 -190 -106 -112 -96 -178 9 132 -47 154 24 16 -1 8 92 104 120 -112 117 157 147 130 -103 -171 -24 -28 -166 -53 18 -107 -104 141 114 87 -197 34 78 125 157 100 -83 -145 7 -187 14 -190 145 -186 -95 157 148 24 -164 20 -174 -170 8 36 37 -104 121 -110 48 -130 -22 36 163 5709935.862146084 2.0722535816939075E7 4.2521365601439425E-4 0.0 
57 152 -1 116 -161 -110 91 -114 99 -24 112 -6 128 -107 92 -4 -172 -112 -95 -183 8 131 -69 170 23 18 -1 7 105 104 119 -96 140 155 146 131 -103 -179 -24 -33 -170 -52 13 -104 -137 139 114 92 -196 34 82 125 154 90 -79 -137 6 -98 20 -174 115 -75 -131 158 152 23 -163 22 -106 -180 13 35 37 -106 104 -180 63 -129 -114 37 163 6027679.251847691 1.403455448673648E7 3.9189709014116845E-4 0.0 
56 152 23 154 -163 -110 92 -111 107 -24 115 14 138 -110 89 -6 -163 -111 -95 -184 9 131 -48 166 24 17 -4 7 99 104 126 -100 122 155 147 132 -104 -172 -26 -29 -170 -51 17 -104 -136 141 114 90 -198 33 86 126 153 91 -81 -135 6 -98 21 -175 114 -74 -130 156 141 24 -158 24 -105 -183 13 35 38 -104 105 -180 52 -129 -114 37 164 6009707.127407758 1.3952480628966706E7 107.3323992584112 0.0 
56 152 -2 115 -161 -110 92 -112 100 -24 124 -1 127 -110 91 -6 -163 -112 -96 -188 3 130 -68 165 25 18 -1 6 99 104 118 -99 123 156 146 133 -104 -108 -18 -1 -170 -51 17 -104 -136 68 114 80 -198 35 89 125 152 91 -75 -91 5 -99 21 -174 109 -76 -131 157 150 30 -156 23 -105 -171 14 35 30 -105 107 -172 64 -130 -114 38 165 6138585.797439851 1.2009778247853337E7 3.699971811779248E-4 0.0 
56 152 25 141 -103 -116 92 -115 101 -24 124 14 123 -173 90 -4 -163 -112 -95 -184 15 131 -68 166 23 17 -1 7 102 104 119 -99 136 155 146 132 -104 -174 -28 -29 -170 -52 4 -104 -136 141 115 91 -198 34 86 126 153 91 -81 -140 5 -100 23 -176 114 -75 -130 156 149 24 -156 24 -106 -175 13 35 38 -104 104 -180 53 -129 -111 37 165 5999048.259524819 1.445734591039E7 3.991644781569757E-4 0.0 
56 152 25 142 -103 -116 89 -111 100 -24 123 14 123 -173 90 -4 -163 -112 -95 -184 15 131 -48 166 23 18 -1 7 102 104 119 -99 136 155 146 132 -104 -174 -28 -29 -171 -51 7 -104 -136 141 115 91 -198 34 83 126 153 91 -80 -140 5 -100 23 -176 110 -76 -130 156 149 24 -156 15 -106 -181 13 35 38 -106 105 -180 61 -129 -111 37 165 5978887.9447935475 1.4626873926424358E7 4.163429632780225E-4 0.0 
57 152 24 138 -101 -18 89 -134 94 -24 124 14 122 -182 95 -188 -103 -109 -96 -185 11 133 -48 152 22 16 -1 8 102 105 120 -102 115 155 146 132 -103 -178 -25 -29 -166 -55 17 -104 -103 136 114 91 -196 33 86 125 156 64 -76 -137 5 -99 14 -176 110 -75 -129 158 144 22 -163 19 -105 -182 9 35 38 -107 119 -107 52 -130 -113 37 164 5819549.481791801 1.8088040790238023E7 4.333169109811528E-4 0.0 
56 165 -11 115 -161 -110 90 -111 100 -24 116 -2 127 -110 89 -4 -163 -112 -96 -192 2 130 -68 169 26 19 -1 7 99 104 119 -99 123 155 147 133 -104 -110 -18 2 -173 -52 7 -102 -136 62 114 80 -198 34 86 126 153 91 -77 -93 5 -99 25 -176 110 -76 -131 156 156 29 -158 14 -105 -171 13 35 37 -106 103 -180 63 -130 -115 39 165 6189428.919395566 1.1207292854370324E7 3.627885876507083E-4 0.0 
57 152 -13 115 -162 -108 92 -114 100 -24 120 -5 128 -109 92 -3 -163 -112 -196 -166 2 133 -68 171 24 20 0 7 103 104 119 -96 125 155 146 133 -104 -110 -18 1 -170 -52 7 -103 -138 59 114 80 -198 33 87 126 154 91 -77 -91 3 -99 20 -181 110 -76 -131 173 154 30 -159 24 -106 -171 13 35 38 -117 104 -174 63 -130 -115 38 164 6257734.426859318 1.047848998394991E7 3.665721363360695E-4 0.0 
56 152 1 113 -162 -109 90 -112 100 -24 113 -3 129 -110 89 -7 -163 -112 -95 -184 12 133 -71 167 23 17 -1 6 103 104 119 -103 119 157 147 132 -103 -176 -26 0 -171 -52 18 -104 -136 139 117 90 -197 35 86 125 153 96 -76 -139 6 -98 19 -177 110 -75 -131 156 142 23 -160 14 -108 -175 13 35 37 -106 106 -179 64 -129 -114 38 165 6059068.196199342 1.3492529115832398E7 3.9187363963173353E-4 0.0 
57 149 26 156 -161 -108 91 -111 99 -24 116 15 138 -109 89 -8 -163 -111 -96 -197 12 130 -71 170 24 14 -1 7 103 104 119 -99 126 156 146 132 -104 -109 -18 2 -171 -53 7 -104 -139 68 114 78 -199 33 78 126 154 91 -80 -139 5 -98 20 -174 116 -84 -131 156 150 23 -158 14 -106 -178 7 35 37 -104 105 -180 53 -129 -114 37 165 6097481.20989683 1.2562181146436185E7 136.27319970583062 0.0 
57 149 -2 115 -162 -110 94 -111 100 -24 116 -4 127 -110 89 -7 -163 -112 -197 -166 2 130 -68 165 24 19 -1 6 100 108 119 -99 122 157 146 133 -104 -110 -19 2 -171 -52 7 -104 -136 58 114 78 -197 33 85 125 153 91 -77 -91 3 -99 20 -181 109 -87 -131 156 156 30 -157 22 -105 -171 9 35 37 -112 103 -180 65 -130 -115 38 164 6238912.817465088 1.0675108762976479E7 88.96822953787235 0.0 
58 152 -12 115 -161 -108 90 -111 100 -24 116 -6 126 -110 89 -3 -163 -112 -197 -166 5 130 -68 171 24 19 -1 7 99 104 119 -96 123 156 147 133 -104 -108 -18 2 -173 -52 7 -102 -136 62 114 80 -198 34 86 126 153 91 -77 -94 3 -99 19 -175 110 -77 -131 155 156 29 -158 12 -106 -171 13 35 35 -112 109 -173 63 -129 -116 39 165 6229284.033860776 1.0728680651296116E7 3.657167705517574E-4 0.0 
40 137 -30 80 -115 -131 106 -45 100 11 74 -32 94 -112 -105 66 -68 -136 -107 -43 -45 141 -97 127 29 24 3 66 96 164 117 -103 151 151 163 42 -111 -44 -41 2 115 19 21 21 -12 56 135 89 -157 8 156 133 82 46 -119 -135 38 -146 -90 101 189 -117 -101 29 146 99 -171 -166 -122 -120 4 -178 123 -55 -103 -185 -177 -125 -102 50 165 6956828.0539351795 6860308.336974766 2.3689980213420733E-4 0.0 
57 152 1 113 -162 -110 91 -112 100 -24 112 -5 128 -110 89 -7 -163 -112 -95 -184 3 133 -68 167 23 17 -1 6 103 104 119 -103 119 157 146 132 -103 -176 -36 0 -171 -52 17 -104 -136 139 117 91 -197 35 86 125 154 96 -76 -139 4 -98 19 -177 110 -75 -131 156 142 24 -160 23 -108 -176 13 35 36 -106 105 -179 64 -129 -114 38 165 6049265.299131866 1.3516087643484408E7 3.949335465663202E-4 0.0 
57 152 23 139 -101 -18 89 -134 100 -24 121 14 123 -170 89 -189 -106 -108 -95 -183 8 133 -65 152 32 16 -1 8 92 105 119 -112 119 155 147 132 -103 -179 -29 -34 -167 -53 17 -104 -105 140 114 90 -197 32 86 124 157 88 -76 -136 4 -99 19 -176 110 -82 -129 155 152 24 -160 14 -106 -172 10 35 24 -107 104 -178 51 -129 -112 37 167 5848583.339537566 1.744044886446455E7 32.29129960018319 0.0 
57 152 24 139 -101 -18 94 -136 100 -24 121 14 123 -174 90 -184 -105 -109 -96 -187 10 133 -48 150 22 16 -1 8 103 103 120 -101 118 155 146 132 -103 -180 -27 -29 -166 -53 17 -104 -136 140 116 88 -197 32 86 125 155 89 -76 -136 4 -99 14 -184 110 -73 -129 156 145 24 -159 14 -105 -173 22 35 37 -106 105 -174 52 -129 -113 37 164 5879133.632561327 1.6783544819755416E7 4.345472131356683E-4 0.0 
58 152 24 171 -101 -18 89 -134 97 -24 120 14 123 -179 90 -188 -107 -109 -95 -173 11 133 -51 150 25 16 -1 7 99 104 119 -101 119 155 146 132 -104 -168 -30 -30 -170 -51 18 -104 -136 145 117 91 -196 35 86 126 152 95 -74 -139 5 -99 21 -176 113 -75 -129 156 153 24 -161 14 -107 -179 13 36 38 -106 116 -180 51 -129 -113 37 164 5859432.149251662 1.726149953388463E7 4.406359728181436E-4 0.0 
57 152 -13 114 -162 -110 94 -111 100 -23 114 -2 127 -110 89 -4 -163 -112 -94 -197 5 130 -68 169 24 15 -1 7 102 104 119 -99 125 154 147 133 -103 -109 -18 2 -171 -52 6 -104 -136 58 115 80 -197 33 85 125 153 91 -77 -91 5 -99 19 -181 110 -71 -131 156 157 30 -156 24 -105 -179 22 35 38 -116 104 -180 65 -129 -115 38 165 6168226.255325271 1.1486949952957047E7 3.693704693017452E-4 0.0 
42 134 -34 91 -115 -132 114 -41 104 28 94 -22 97 -111 -105 85 -69 -149 -79 -42 -50 140 -98 128 25 11 3 41 55 159 120 -103 110 151 87 43 -81 -44 -40 1 115 18 33 4 -3 73 148 112 -155 7 171 169 49 49 -109 -126 56 -143 -90 97 189 -118 -103 29 147 99 -165 -170 -117 -128 12 -192 122 -52 -103 -185 -176 -126 -86 37 175 7008732.04104083 6726655.690778039 2.2094901490030995E-4 0.0 
58 152 24 94 -145 -103 92 -112 98 -24 121 14 123 -112 91 27 -174 -107 -192 -164 1 135 -71 167 25 15 -1 7 99 104 119 -99 112 155 156 47 -110 -108 -17 11 -170 -97 17 -105 -135 63 112 80 -197 34 87 126 159 89 -76 -96 -1 -99 21 -183 115 -70 -131 158 154 23 -159 20 -99 -171 9 35 28 -123 64 -173 66 -129 -115 39 164 6448517.63658793 9281301.781048508 3.5278587244262004E-4 0.0 
#
