#
#   Running algorithm GDE3 on 20000000 nfe, with population size of 900.0, with de set to 0.9, 0.9, with 81 controls varying between 1.0 and 39.0 for cell (6,6).
1 39 1 4 2 14 3 1 5 2 6 10 1 13 5 1 2 1 35 1 10 13 39 4 4 1 1 3 1 39 2 3 1 5 1 2 1 1 7 2 19 4 22 2 7 1 3 20 33 1 1 1 1 14 9 13 1 1 9 1 5 10 1 1 1 5 3 15 1 1 1 1 5 1 6 5 1 13 3 3 1 7614959.664552415 5.587041685125002E7 9.073824116484314 0.0036656186314710476 0.0 
1 20 6 3 2 1 1 1 7 1 22 4 1 3 4 1 1 4 26 6 1 1 16 15 1 13 2 1 11 39 7 1 19 1 1 15 4 12 4 3 35 1 1 3 1 1 6 1 1 13 1 32 4 1 34 1 13 1 21 1 1 1 37 1 5 1 3 1 4 1 2 1 10 3 2 1 5 1 1 1 1 8534565.411815451 1.1205483629332912E8 7.913535114300432 0.0027575404534306834 0.0 
1 7 1 6 5 1 8 5 3 3 1 3 1 3 10 1 1 3 18 24 13 3 27 21 1 1 6 6 30 39 1 6 1 1 8 1 10 1 3 5 13 6 35 5 1 1 5 25 1 7 1 18 1 1 18 1 6 1 1 3 1 7 7 1 1 1 1 1 36 1 1 13 1 3 1 1 4 1 1 4 5 7576031.931353816 5.091030338904659E7 10.096023988369357 0.003546290890806811 0.0 
4 8 6 7 10 5 1 1 16 1 1 1 2 1 12 22 12 1 7 5 9 16 39 1 2 1 3 4 1 1 1 1 6 3 1 1 1 1 1 1 8 10 1 1 2 3 1 19 1 11 2 5 9 4 29 1 6 2 7 9 5 18 39 25 8 1 1 15 4 3 8 1 1 4 22 4 4 1 2 9 1 7935897.196045551 3.9449067987508655E7 10.910746226124447 0.0038297276096886544 0.0 
5 7 1 1 1 5 1 1 2 1 15 13 1 39 4 5 2 9 1 1 14 3 4 17 8 3 1 3 1 39 22 18 1 3 4 1 1 1 1 1 3 19 3 4 1 5 2 1 4 1 1 10 1 1 12 36 1 3 39 24 6 1 1 2 4 1 1 5 1 3 23 1 1 1 1 18 1 2 4 9 19 7423045.250473822 5.232679698081574E7 9.27617554868638 0.0035436915151663938 0.0 
4 1 1 8 1 1 1 4 7 5 12 3 5 1 3 35 13 19 1 22 1 15 2 6 1 1 1 10 33 2 27 1 1 10 1 1 1 2 1 1 1 27 12 1 3 1 15 1 1 9 25 5 4 1 9 3 1 1 19 7 21 19 1 1 3 2 2 1 3 7 10 3 9 1 1 3 3 23 8 1 6 8070403.906315954 5.0126498251866296E7 8.862915718402354 0.0034409196512244934 0.0 
3 1 5 4 1 3 1 20 1 1 12 1 1 1 3 3 5 1 1 25 1 18 1 37 1 1 18 1 1 14 1 4 1 5 21 1 1 1 1 1 5 1 39 6 3 22 2 5 39 30 1 5 1 2 1 1 10 1 13 1 21 3 1 1 22 16 2 19 3 1 1 1 1 1 4 1 5 19 1 1 1 8430686.37639931 7.662991702377392E7 7.679308970032359 0.003234361000946569 0.0 
1 1 6 1 1 6 1 1 2 1 6 1 2 21 1 8 2 1 1 13 21 16 2 1 7 13 5 1 17 1 1 39 8 2 1 13 2 6 1 4 5 6 5 12 2 12 1 26 9 2 7 3 1 1 1 1 1 35 31 16 5 1 1 1 5 15 2 6 19 3 2 1 3 1 39 6 1 1 1 5 5 8261012.579426902 6.771106448383854E7 8.781243469086034 0.0029048231196404065 0.0 
2 39 1 7 7 15 1 1 8 6 5 1 8 1 1 1 10 1 5 7 3 16 22 1 1 1 14 4 1 1 1 1 1 1 2 1 5 29 4 2 30 1 5 1 10 1 1 5 23 2 1 1 7 1 23 1 17 1 1 1 34 39 20 1 3 15 1 1 1 2 1 1 4 4 5 1 4 12 3 1 1 1.013172187269905E7 1.7573325231890962E8 6.338408726851228 0.003483002671411508 0.0 
4 1 1 1 2 15 1 31 7 13 5 6 8 20 1 13 1 10 5 1 1 1 22 1 1 3 1 1 1 1 5 1 6 1 2 29 5 8 3 2 31 17 5 1 3 1 1 15 1 3 1 16 21 1 1 1 10 1 1 1 39 9 20 3 1 1 1 28 4 6 5 1 4 4 1 14 1 1 3 2 2 8784734.616250029 7.746476478686751E7 7.969605032480529 0.0029181239807300006 0.0 
8 37 1 1 1 9 1 1 10 1 1 1 1 16 18 3 2 1 5 15 5 1 5 5 12 1 1 1 1 39 9 1 1 4 1 2 1 6 1 1 19 1 5 8 1 6 2 1 1 27 22 8 1 1 18 3 1 1 1 1 8 1 25 2 2 5 39 39 1 1 1 9 1 1 1 5 6 6 23 1 1 8042708.398743355 8.636060076583242E7 8.40261462009542 0.003014962416632521 0.0 
4 1 9 2 3 2 1 19 4 1 14 1 6 1 23 12 8 1 1 1 21 11 16 4 12 22 8 1 3 1 5 16 9 1 1 2 1 1 4 1 1 15 6 8 1 4 2 35 1 31 22 6 16 9 18 1 1 4 1 12 23 1 1 10 1 6 1 1 1 14 1 1 2 4 6 1 1 4 1 1 5 7320646.193713251 4.2017511933825776E7 10.207347007607943 0.0038587159091793507 0.0 
1 1 12 2 1 1 1 10 6 3 14 11 5 1 3 1 28 1 9 1 13 1 12 4 1 1 8 2 1 39 32 5 5 1 1 1 8 1 21 8 27 12 33 8 8 7 1 1 12 12 1 2 1 1 6 16 26 15 1 10 1 12 3 5 1 7 1 5 1 1 1 6 2 1 4 4 2 1 1 1 6 7479432.406034239 4.737123028034245E7 10.37385626514151 0.00375438244515534 0.0 
3 1 1 7 1 1 20 10 1 1 5 1 1 1 4 15 28 4 27 22 27 1 11 3 1 1 13 1 6 11 1 1 17 5 14 2 1 1 13 9 1 14 14 11 1 1 2 29 8 12 1 2 4 3 1 18 8 1 15 1 32 5 5 12 1 2 1 1 1 1 8 1 6 1 1 2 1 1 1 14 1 7420876.296259515 6.159917976524645E7 10.024748689379779 0.0035177901481741455 0.0 
1 1 13 1 1 12 11 1 2 2 1 14 1 1 10 1 1 2 15 17 8 22 39 3 1 1 1 5 6 39 1 3 1 8 1 1 1 1 3 4 39 4 29 10 2 1 10 3 4 1 1 5 4 3 26 1 5 4 1 1 32 1 14 1 1 3 2 1 2 1 5 1 1 1 1 2 1 32 18 1 10 7952039.208233243 6.384893573603602E7 9.63609268499947 0.00310171985865686 0.0 
1 1 1 1 8 1 4 1 2 11 8 2 1 1 4 31 1 1 1 1 3 15 1 39 1 1 1 1 19 4 3 39 1 4 9 2 1 1 1 2 39 2 39 6 7 1 1 7 1 1 17 9 1 2 22 1 1 1 17 1 39 1 1 6 1 1 6 23 11 1 8 1 4 1 6 6 1 1 1 2 9 7747134.492929102 6.2474344004089475E7 7.872563042374757 0.0032044751322462266 0.0 
2 1 12 7 2 1 1 1 3 1 1 3 1 1 4 2 1 1 1 1 1 4 5 1 2 1 7 1 1 14 7 30 1 4 12 4 18 6 6 1 35 1 39 5 4 1 1 30 39 1 8 7 1 3 1 10 2 1 2 1 5 1 1 1 1 6 39 39 11 1 8 1 4 22 6 8 1 1 11 2 5 7712797.231230105 5.224791488659849E7 8.840970098381632 0.0031488625874290846 0.0 
1 1 1 10 11 12 17 1 7 1 1 1 1 30 1 4 1 1 8 1 1 19 22 21 1 2 1 8 6 1 1 3 1 4 1 1 1 1 14 5 1 39 6 3 3 26 1 39 1 1 1 5 7 19 11 13 1 1 1 1 23 1 4 4 1 3 26 24 11 5 1 1 1 1 1 5 6 1 7 1 6 7933113.2039545495 6.817713803743488E7 10.421265248174183 0.003069261803478625 0.0 
2 1 9 4 1 5 4 1 1 2 14 1 1 1 13 1 5 2 1 21 1 16 8 33 8 2 10 1 1 16 22 3 1 6 12 1 3 20 1 1 27 1 38 7 4 11 6 1 34 1 6 4 1 2 1 8 15 1 12 1 25 1 1 1 11 4 4 24 1 1 4 1 1 5 2 1 1 1 1 1 10 7855842.479064756 5.394825454280496E7 8.27541901532751 0.003301892906095951 0.0 
1 39 6 4 10 4 1 1 14 7 1 1 1 13 11 3 2 1 27 3 1 7 1 13 1 1 1 2 3 1 1 1 7 7 3 2 5 3 1 1 8 1 7 1 6 1 5 1 22 1 1 4 5 8 39 1 19 16 6 24 14 6 1 1 1 4 16 22 1 1 11 1 10 6 4 6 1 16 7 1 2 9643204.33164765 1.8870924750705826E8 7.107631179919819 0.0025415084124750056 0.0 
1 1 13 1 32 8 30 7 1 1 13 1 1 27 1 4 1 5 1 2 12 4 1 7 1 1 28 1 1 9 1 3 6 1 1 2 1 20 12 7 1 1 6 6 3 4 10 1 39 1 1 25 9 6 24 1 18 7 21 1 1 1 1 7 1 10 1 1 1 9 2 1 5 6 4 1 1 23 2 3 1 9299845.282618124 1.926160443231367E8 7.288126380013882 0.002563564330940623 0.0 
1 12 1 1 3 1 1 1 1 15 8 9 1 1 4 1 1 1 39 1 11 2 1 14 1 6 1 1 1 6 3 13 3 1 7 2 1 1 1 1 35 1 39 1 1 1 22 1 11 1 27 9 1 6 9 3 1 1 1 19 32 9 35 2 1 4 14 1 39 1 5 1 1 1 1 5 4 14 1 1 1 8454604.131915363 9.329995984829995E7 9.623661870325723 0.0026432051778151142 0.0 
1 5 1 7 1 3 4 1 1 11 15 7 1 6 4 1 1 1 39 5 15 2 25 25 1 1 1 5 4 4 4 39 7 1 5 2 9 1 1 2 39 1 39 6 4 1 6 3 15 4 15 9 1 9 22 8 1 1 1 1 32 8 1 4 1 3 1 1 1 4 8 1 4 1 1 7 1 1 1 1 3 8552609.048664965 8.987445002448127E7 8.972785156172312 0.0026388832794617123 0.0 
1 2 18 1 24 1 20 1 9 4 8 2 1 3 2 1 5 2 7 3 7 29 3 1 1 3 1 16 1 9 1 2 9 1 1 1 4 7 1 1 38 9 4 1 2 1 6 4 1 1 1 1 21 1 19 33 10 1 1 12 35 1 1 1 4 14 1 20 1 5 2 1 2 1 33 2 2 8 15 1 4 9198434.806537263 1.2729393872208631E8 7.319090238702515 0.002766310424934172 0.0 
3 9 1 1 12 11 1 1 4 11 1 7 5 14 13 9 6 12 20 14 1 1 11 1 5 6 13 1 3 23 7 3 1 1 2 1 4 4 23 1 20 6 10 14 1 2 1 10 10 9 1 4 1 1 4 14 1 37 1 1 31 1 9 6 4 1 1 10 7 1 19 1 8 7 7 3 1 1 5 2 4 7124462.246734726 5.4940725923242405E7 66.54313345959837 1.2568144983875575 0.0 
6 1 1 1 9 1 1 1 3 1 1 9 15 14 31 1 1 1 13 1 1 6 1 1 1 5 1 1 2 1 6 1 1 1 15 1 1 1 5 2 39 14 10 1 8 1 1 9 26 3 29 16 7 1 2 12 35 1 3 14 23 1 1 1 10 6 7 27 27 1 13 1 2 4 1 6 1 11 2 1 3 8591639.5588012 6.962001133123705E7 9.319781039518183 0.002866131982551512 0.0 
1 39 1 9 1 1 10 1 1 7 7 1 5 8 12 9 1 1 3 4 8 6 28 1 1 9 8 17 1 10 2 8 6 4 6 1 1 16 4 18 18 21 4 1 6 5 15 17 1 2 1 2 3 1 1 2 1 1 15 2 39 1 16 1 14 1 5 2 39 1 1 1 3 1 1 5 1 2 1 4 1 7519098.450983954 6.020316593152878E7 8.079591265366865 0.004504425245977845 0.0 
4 39 1 3 1 1 23 1 9 4 1 2 1 16 8 1 10 1 39 6 8 3 25 7 1 1 1 5 1 1 6 10 1 1 1 1 5 1 1 1 3 7 39 1 2 1 6 4 10 1 1 1 7 22 21 2 17 1 1 12 39 35 1 1 1 11 1 1 1 1 1 1 4 4 5 5 1 1 1 1 1 8330368.608691287 7.39616381836928E7 7.985705280724639 0.0031968852283813976 0.0 
1 1 1 3 1 3 5 1 3 6 20 7 6 2 1 1 4 1 3 5 3 1 29 1 5 15 1 1 1 31 11 29 1 11 1 4 5 1 15 2 1 25 1 13 3 1 9 1 2 1 20 6 1 20 1 21 1 8 7 3 20 22 1 1 1 9 13 1 39 4 6 1 7 1 8 7 3 1 1 1 8 8730980.943196714 9.674013274265057E7 7.031791082961745 0.0035611145417806145 0.0 
4 2 21 1 3 1 28 2 6 9 8 1 6 1 1 1 4 4 1 7 7 37 1 1 6 1 1 13 1 9 1 1 7 1 3 35 1 7 2 3 1 1 1 1 6 1 1 9 3 3 1 6 21 4 24 39 2 1 4 15 11 1 1 7 4 13 3 1 1 5 1 8 4 1 1 17 2 8 25 9 4 9394506.601627147 7.837573175933723E7 7.089784933405961 0.0037176694586265545 0.0 
2 7 19 1 1 26 2 9 1 14 1 10 10 1 14 16 4 8 9 1 20 10 16 21 1 7 5 2 12 1 1 1 5 3 9 8 1 5 6 1 20 6 1 13 1 4 3 8 1 11 1 1 1 1 11 1 6 18 1 1 6 1 2 8 8 3 1 21 8 13 1 9 2 1 1 4 1 12 1 22 6 7223436.318576784 4.6704199758324824E7 122.00350827868903 13.543575680785796 0.0 
1 39 1 1 1 4 4 1 4 1 1 6 6 11 1 1 1 1 25 20 5 12 25 39 1 1 1 1 14 1 11 35 1 1 4 1 12 1 1 1 1 39 1 1 1 1 1 1 12 2 1 1 1 27 3 1 1 8 4 1 39 1 1 1 1 3 1 8 39 1 1 1 2 1 1 9 4 10 1 1 4 8622951.055071143 7.497997281570385E7 8.789512186257491 0.0025742460734558435 0.0 
1 39 1 1 4 5 3 1 1 1 1 1 7 1 1 15 5 1 24 1 4 14 1 13 3 10 5 2 14 1 14 20 4 1 10 1 3 1 1 2 39 1 38 2 1 1 5 1 9 29 5 6 12 1 1 3 1 1 1 1 39 1 1 6 5 4 7 1 39 1 1 1 10 1 9 11 1 3 1 1 1 8782016.822873779 8.391766087148553E7 7.609736401529163 0.002845362410309704 0.0 
1 1 1 1 1 10 3 14 2 1 10 6 6 6 1 4 2 1 39 20 1 12 1 1 1 1 1 4 5 1 11 34 1 1 1 9 18 1 1 7 1 23 3 1 1 1 1 1 33 4 9 1 1 28 1 1 1 21 4 1 39 1 1 1 1 5 1 17 39 2 16 1 2 1 2 11 1 15 3 1 2 8235308.654500167 6.832544270301309E7 8.946986602866973 0.0029280026485129984 0.0 
5 1 1 3 37 3 1 1 5 2 2 1 1 1 1 3 1 1 31 1 9 1 16 8 1 9 29 1 1 33 1 1 1 1 1 4 7 7 1 8 15 1 30 9 9 1 1 1 1 16 6 1 3 1 1 1 1 6 15 11 27 27 4 1 1 7 3 11 35 1 11 1 9 2 11 1 3 4 1 1 1 7933266.816332121 6.525121010284308E7 8.292856494870122 0.0031851154875661997 0.0 
3 12 7 5 24 1 5 17 1 2 20 1 1 1 7 1 1 3 39 2 15 1 1 8 6 1 5 1 4 1 5 1 8 3 9 1 2 3 1 1 39 1 39 1 1 5 1 1 11 1 9 1 1 14 1 15 5 19 1 1 34 5 1 1 4 7 7 21 6 1 4 1 1 1 1 8 6 3 1 2 22 8534208.682410378 1.0245736931274007E8 7.5160422877920965 0.0032559763473098795 0.0 
1 39 2 1 2 1 1 4 7 5 1 13 3 39 15 1 3 2 18 1 2 20 4 1 8 6 1 1 2 1 4 8 11 6 1 1 19 1 14 1 39 1 31 1 1 2 1 15 1 1 1 2 3 1 39 1 1 1 1 1 1 39 15 5 1 2 15 1 8 1 1 1 7 1 1 13 1 1 1 2 1 8661104.367487555 1.4590642794699666E8 7.277120597457834 0.0028546288579244772 0.0 
1 5 1 3 5 1 1 1 6 1 4 4 5 24 1 1 5 8 14 4 1 9 32 11 1 2 9 32 26 37 1 2 1 1 2 1 1 1 3 13 19 13 3 1 1 4 1 1 9 1 1 37 5 1 1 1 11 1 12 23 39 1 8 1 2 1 9 1 12 2 4 1 1 1 1 8 19 1 1 1 1 8420622.56846626 5.735183237047732E7 10.315611405150255 0.0028146395651516727 0.0 
6 2 1 1 4 2 10 2 2 1 15 1 3 1 11 1 1 9 1 21 1 6 1 15 1 37 2 1 1 39 18 11 2 3 1 1 1 4 7 2 32 17 1 3 1 9 1 1 12 1 1 10 3 1 1 39 2 6 39 8 6 4 1 2 2 10 1 1 2 3 23 1 26 1 1 1 8 1 8 1 5 7629224.360601196 5.3149228019274645E7 8.72939878596723 0.003593388314467337 0.0 
6 9 4 1 9 12 1 2 2 1 1 6 1 13 1 1 1 12 1 16 11 6 6 1 4 31 1 5 14 1 39 16 6 1 4 1 1 13 1 2 1 17 1 11 2 8 1 1 39 1 1 19 1 4 1 1 16 6 20 3 1 39 1 1 1 5 9 11 39 1 1 1 1 1 1 1 3 1 1 2 1 7746785.064868417 5.728707629291826E7 8.783412814917883 0.0033400842939602304 0.0 
5 4 1 1 1 11 4 1 1 9 18 1 7 39 1 2 22 1 1 11 12 1 1 16 1 3 1 1 1 4 1 29 7 2 7 18 1 7 6 7 1 10 1 9 1 1 13 6 5 1 6 23 30 1 14 1 1 1 1 1 1 5 1 4 2 11 1 5 7 10 7 4 4 30 1 12 1 1 12 3 15 7822831.298925823 5.872680867138949E7 7.95062049048696 0.003935294188919066 0.0 
6 1 1 5 6 1 1 1 5 1 13 20 8 7 5 4 1 2 1 6 22 10 19 8 1 13 4 7 1 16 17 15 2 1 9 5 4 1 2 1 1 1 30 4 3 1 6 1 1 21 18 36 2 1 1 3 1 20 7 25 1 4 1 3 1 11 11 1 1 1 1 20 3 6 9 2 11 8 16 1 1 7410026.9127292875 5.5030225602220036E7 10.418293568216594 0.0038508335832727228 0.0 
9 1 1 1 1 1 2 1 1 1 1 2 1 1 1 32 3 5 34 1 1 39 1 6 1 7 7 1 39 1 9 4 4 1 13 37 6 14 1 1 8 13 2 3 1 9 1 1 1 1 2 24 10 1 6 17 1 6 1 6 22 1 35 2 4 1 16 6 1 1 1 2 1 9 13 1 2 1 7 1 3 8527310.236099135 9.182422627287953E7 7.6388380061982915 0.0030185105224655373 0.0 
4 1 9 5 23 1 5 17 1 4 2 9 1 13 5 7 1 1 3 7 4 1 1 10 1 3 4 1 10 29 4 10 1 14 1 1 26 1 1 2 1 39 1 2 6 1 10 1 4 1 7 20 5 32 15 1 28 1 18 1 8 1 6 1 2 4 7 1 35 1 1 1 1 1 1 7 1 4 1 8 1 8364077.048620528 7.013272922151266E7 7.358253918896674 0.0033485022644474264 0.0 
9 1 8 2 1 19 4 1 2 9 5 15 1 3 7 1 1 35 4 7 1 1 1 22 5 5 1 1 6 1 3 8 4 5 1 6 3 1 17 2 1 39 1 13 1 2 16 1 1 1 1 5 22 1 36 3 7 6 9 15 1 19 30 1 1 20 1 21 1 1 1 3 6 5 1 4 2 1 1 4 1 8420396.341426922 5.486670242486396E7 7.936913359124707 0.003927475392731949 0.0 
1 1 1 3 10 8 1 1 3 1 8 4 17 1 2 12 1 1 14 5 13 1 19 39 5 5 1 1 1 1 4 7 2 2 14 2 1 7 13 2 11 20 4 17 6 1 6 6 32 1 1 9 1 6 2 17 17 1 1 3 4 11 1 16 1 1 7 1 3 13 25 2 5 11 1 6 3 1 1 4 25 7471565.00303396 4.549330763155849E7 8.948439318196465 0.003823281735200705 0.0 
3 37 2 6 1 2 4 39 1 5 21 1 1 9 18 30 2 1 1 6 3 1 1 1 1 2 6 8 1 1 2 1 16 9 10 13 19 9 13 8 1 39 1 2 7 1 10 7 1 2 19 1 1 1 1 3 5 1 10 1 21 1 9 10 1 6 1 1 1 1 25 8 1 1 2 1 1 1 1 2 1 9433598.60571555 1.2824619545429747E8 7.461815188959163 0.0023789675675729865 0.0 
1 5 6 2 1 7 1 39 1 1 24 4 21 1 1 2 1 1 10 1 4 5 1 7 22 12 1 1 2 20 1 1 7 1 7 33 1 1 1 3 29 1 1 1 1 1 6 19 15 19 2 1 1 1 2 1 4 1 9 1 39 1 3 7 6 1 10 1 1 2 1 28 1 2 5 24 1 17 2 1 1 7875802.225497847 6.2694283131177664E7 7.428050872959144 0.0037257740956591965 0.0 
16 1 4 5 1 7 5 1 7 2 25 1 1 9 1 1 4 1 1 6 1 1 1 11 9 31 4 32 1 6 1 10 6 1 1 1 1 15 11 2 33 1 1 1 1 4 1 1 1 5 1 10 13 5 1 9 1 3 6 6 3 26 18 1 1 4 10 39 27 4 17 1 2 8 3 10 4 1 1 1 3 7698828.161578003 5.189609560307304E7 8.881830838805602 0.003910381445768551 0.0 
2 1 1 1 1 1 1 25 1 1 9 1 1 20 1 1 1 1 11 24 1 1 12 3 11 2 7 3 39 39 20 1 6 1 15 6 2 1 9 1 20 1 1 8 1 1 1 9 19 3 11 31 1 1 2 1 2 1 39 3 1 1 1 1 8 1 5 35 1 1 1 1 2 1 4 6 2 25 1 1 1 8713009.718258044 7.505799959106359E7 8.664842327824404 0.002750768399127243 0.0 
1 28 2 1 8 3 1 1 5 3 1 1 1 3 2 39 1 2 1 1 5 39 1 5 1 3 4 4 24 34 29 1 4 1 9 1 7 1 1 3 1 31 8 3 1 1 1 1 1 1 21 1 1 1 20 11 1 9 1 1 16 1 9 2 2 3 24 1 1 1 1 1 6 1 12 1 3 10 30 1 7 8883076.327257808 1.6644351004476553E8 6.870987960371601 0.0034196764356761587 0.0 
1 39 19 1 3 4 1 35 1 1 1 1 18 9 2 1 1 1 1 11 5 1 21 6 2 1 24 1 1 11 24 1 3 1 7 1 1 5 5 1 1 6 1 3 14 1 1 36 32 13 1 39 3 1 3 11 1 2 1 23 1 1 1 1 1 1 1 1 1 14 4 1 2 5 1 1 15 3 6 1 5 9425544.303335618 1.1429871394736141E8 6.9722314916689125 0.0028726101620977864 0.0 
1 1 10 1 1 1 1 1 1 1 1 1 11 21 1 8 2 3 1 1 16 1 1 39 1 5 5 1 7 7 16 4 3 1 4 4 1 1 1 1 19 39 22 1 2 1 1 7 20 18 1 16 18 10 1 1 1 1 1 1 39 6 20 2 1 1 12 1 22 10 19 1 3 9 17 1 1 1 5 1 3 1.0100209350253802E7 1.310144108254965E8 8.444485267280697 0.002137488816041069 0.0 
2 39 1 3 1 1 22 1 8 1 1 10 1 1 11 2 8 1 1 2 2 10 39 27 4 1 1 1 1 1 6 10 5 1 6 1 7 4 1 1 3 6 39 3 3 5 6 1 13 1 1 1 9 22 21 2 6 1 1 16 39 35 10 1 4 9 1 6 1 1 2 1 1 3 1 5 1 1 1 1 1 7824341.695115731 4.939193306395089E7 9.22065153425209 0.003142579697433239 0.0 
1 1 29 1 1 1 2 1 3 2 3 2 3 1 3 2 2 1 5 1 22 25 7 39 1 5 1 1 1 1 17 16 2 3 6 1 24 4 14 3 1 1 15 1 1 1 1 3 6 37 8 5 13 1 1 8 1 1 8 1 22 34 39 16 1 1 16 4 11 6 1 1 1 3 1 4 1 1 1 1 1 8792354.424869034 7.22024309666387E7 8.38180730116442 0.0028430210462730746 0.0 
1 1 11 1 14 6 1 1 23 1 1 1 6 21 1 26 1 8 1 1 39 1 35 8 10 5 1 6 1 2 16 4 3 1 5 2 1 1 1 10 2 1 6 1 1 1 7 7 1 26 1 4 31 5 1 1 14 1 1 1 39 1 3 9 1 3 14 1 1 1 17 1 3 1 17 1 3 9 1 7 5 7568626.047129896 6.009655900225118E7 8.137798067012847 0.0037237865928208087 0.0 
1 1 3 1 1 1 1 8 1 15 8 9 1 1 1 1 3 1 39 4 7 1 28 1 5 6 1 9 10 4 3 1 18 1 16 7 1 7 5 1 5 1 39 1 1 1 31 1 1 20 19 9 6 1 22 1 2 1 1 1 39 2 1 1 1 17 12 1 39 1 1 1 2 1 5 1 4 1 2 1 4 8237226.552597772 7.482046128940295E7 8.914774379373608 0.002874314456834464 0.0 
1 4 1 6 21 1 11 1 1 1 28 1 5 22 1 1 4 1 24 1 4 24 1 31 1 2 8 1 1 8 1 28 5 1 2 3 19 3 1 5 14 2 11 8 1 1 5 1 1 1 9 1 1 7 13 1 18 1 4 1 39 1 9 4 9 5 5 1 39 10 1 1 2 1 1 1 1 1 17 1 1 8225435.316196836 1.0635263773348464E8 7.698673007086032 0.0031384605180501076 0.0 
4 16 2 8 1 7 1 1 1 1 6 1 1 1 22 1 1 2 5 2 14 24 11 26 5 17 8 1 1 2 1 1 17 17 1 1 1 1 1 1 39 1 1 8 1 1 4 16 39 8 1 1 10 4 1 11 1 11 4 18 7 3 1 6 3 8 10 1 26 5 4 1 2 1 1 8 9 20 2 1 5 8120207.796512181 6.80750210557386E7 9.269693650945028 0.0029306019348659964 0.0 
3 39 12 1 4 1 3 1 1 7 1 4 2 3 6 1 1 1 33 2 1 9 39 1 11 1 1 6 1 39 2 3 1 1 7 7 1 1 11 1 39 6 1 1 2 3 7 10 1 4 1 3 1 9 3 19 1 1 1 11 1 26 1 15 1 6 1 32 11 1 9 11 2 3 5 6 1 1 3 2 1 8636451.03972817 8.60870659059039E7 7.805446876982002 0.0030582959025532586 0.0 
5 6 20 1 15 1 5 19 1 2 33 8 4 31 20 1 1 1 9 13 3 13 1 17 8 1 3 1 1 6 1 1 1 1 6 1 20 1 1 1 1 1 6 1 1 1 5 39 1 26 3 6 3 1 9 15 1 5 1 1 39 4 3 1 4 3 1 1 1 3 10 1 9 1 1 6 1 12 1 1 26 8619891.557242667 1.0289242914413725E8 7.4287954528619204 0.0031471526403305796 0.0 
1 1 1 1 29 1 1 1 1 1 1 3 4 8 11 1 5 8 24 1 1 8 1 1 6 1 16 3 1 2 5 1 3 1 1 1 9 36 8 1 6 1 38 1 4 13 1 33 16 39 2 1 13 4 1 24 1 3 38 1 26 1 1 1 2 3 1 20 1 4 1 2 1 2 1 1 7 13 1 1 1 8409302.596574495 7.51501784819135E7 8.78252398204779 0.0027389376335871006 0.0 
1 1 1 8 10 9 1 4 1 9 5 5 1 5 1 1 4 6 22 17 12 8 2 15 1 16 1 1 1 35 28 3 1 2 10 5 4 1 7 1 18 10 39 3 7 4 2 28 1 2 1 11 3 17 1 12 5 1 16 1 11 1 4 1 1 11 8 1 5 1 1 4 4 5 2 11 9 10 1 1 1 7675551.816050276 7.979611459079333E7 9.838150826562176 0.0033828255516561165 0.0 
1 1 1 1 22 1 9 3 8 7 1 1 10 4 1 10 8 1 5 19 5 1 30 1 2 4 1 1 1 9 1 9 6 8 3 6 7 24 16 11 25 1 25 6 1 1 1 6 1 7 3 1 6 4 14 2 19 11 1 16 9 1 1 1 1 8 1 1 39 1 1 7 1 7 1 1 10 17 1 14 2 7243606.644075258 6.005316525400559E7 9.55342089009609 0.0039052125920963385 0.0 
1 1 1 11 1 1 9 4 1 1 18 1 1 8 9 1 2 1 4 2 5 6 18 27 1 3 13 21 12 18 7 7 1 25 1 25 1 18 1 10 37 1 19 1 1 1 18 7 1 4 5 8 1 2 1 5 1 1 6 10 30 11 11 1 5 1 3 1 19 4 1 5 2 6 2 1 7 3 1 1 2 7760708.322611985 5.049051951024003E7 10.252334929673554 0.003387354055232095 0.0 
1 39 1 1 1 20 1 4 1 1 1 18 1 24 1 1 1 8 26 7 6 5 1 15 8 4 1 1 11 1 29 34 16 9 1 2 7 1 6 4 1 1 1 7 1 3 2 1 9 2 39 1 1 22 1 1 8 8 1 1 5 1 1 5 5 1 1 1 39 1 1 1 1 1 1 7 1 22 1 2 1 7498942.555167392 6.176285282388847E7 8.981819729590738 0.003437784375816934 0.0 
11 10 23 5 15 2 39 3 10 1 1 1 3 1 1 1 1 2 4 1 10 1 35 1 2 1 3 19 11 1 1 3 3 1 8 39 4 1 14 1 29 1 12 16 1 5 15 1 16 1 1 1 9 1 5 5 4 1 1 5 27 1 1 20 1 3 1 3 7 1 1 5 3 1 6 1 1 1 1 17 3 9540190.341352822 1.6622417713266423E8 7.010308956468416 0.002587515525685001 0.0 
1 1 12 3 14 30 1 33 6 6 6 3 3 17 1 1 3 3 1 1 1 5 1 3 2 6 5 11 1 1 1 11 5 2 3 39 1 1 24 1 1 25 1 2 1 1 1 1 5 2 1 1 24 5 1 1 35 2 5 10 1 1 11 1 7 1 3 1 25 5 25 2 2 1 1 34 1 4 5 1 4 9155675.09789938 2.3415478103983128E8 7.086361911774304 0.002917027018124566 0.0 
2 1 1 9 6 2 1 19 4 6 2 14 1 28 26 23 1 1 6 9 18 1 1 4 5 1 1 1 10 1 21 1 1 1 6 1 4 2 11 1 39 1 13 8 1 1 1 16 8 11 1 1 1 22 5 5 1 1 14 16 10 27 1 1 3 6 29 1 1 1 1 1 1 9 1 23 2 1 1 2 1 7813914.764333968 6.043280425510285E7 8.699139279057883 0.00346999328391459 0.0 
4 1 1 1 1 1 2 1 1 1 9 1 4 7 1 39 1 1 1 1 1 1 5 21 2 1 12 1 39 1 5 1 1 1 13 24 6 1 1 1 1 3 1 3 1 6 1 7 1 1 1 24 1 8 31 17 1 6 28 12 39 1 39 3 4 1 25 1 7 1 1 5 1 1 14 1 1 1 1 12 7 8472476.64988566 9.244086962889576E7 8.259987076639147 0.0029190141268894 0.0 
4 5 1 1 1 1 39 1 10 16 1 19 3 11 16 3 3 1 1 12 7 1 1 2 12 1 1 1 1 33 1 15 9 3 1 1 1 2 15 1 26 24 8 1 18 5 12 1 4 1 8 1 7 21 1 1 39 5 4 7 4 1 1 1 1 13 5 1 14 6 5 1 4 4 7 4 1 13 1 1 2 7500332.166075295 3.999797916554164E7 10.043733228924559 0.0038496811252228483 0.0 
7 1 1 1 1 1 1 3 1 30 7 8 4 1 1 1 1 2 1 10 13 1 5 15 5 19 2 1 11 25 15 1 8 1 1 10 2 1 1 1 4 1 39 1 1 1 39 1 1 39 39 8 12 2 4 5 1 1 1 1 39 1 1 1 2 28 13 1 1 1 1 4 4 1 3 7 6 1 2 5 4 8888286.028627114 7.312564563910383E7 7.804727253451354 0.003030474899007194 0.0 
3 39 1 11 1 4 4 1 6 1 2 1 1 1 14 1 7 2 1 10 26 1 5 1 1 1 2 2 11 25 3 1 8 2 1 1 1 1 1 1 18 5 26 1 22 1 15 1 26 7 1 5 1 1 1 5 26 1 18 6 7 34 4 5 3 1 1 7 2 1 3 4 4 22 1 6 2 21 7 3 6 9016639.623447867 1.2134902456897543E8 6.562000281963435 0.0033961082988265483 0.0 
12 1 20 10 5 1 1 1 1 2 1 1 2 6 6 1 15 9 3 1 5 8 11 11 14 1 11 1 13 1 1 1 3 3 3 1 1 1 5 1 39 1 1 2 1 10 1 20 39 39 11 1 1 2 1 4 6 1 2 1 39 1 1 1 10 6 12 1 1 1 16 20 1 11 9 1 1 1 3 1 18 7518295.54176044 4.601028014909639E7 10.558194019435577 0.003438320336642808 0.0 
6 1 6 1 1 3 1 1 1 15 8 1 10 4 4 1 5 26 1 4 12 1 1 1 3 6 3 1 1 24 16 14 1 1 1 20 1 2 3 10 4 37 1 14 1 6 3 18 1 4 1 9 1 31 5 32 1 1 1 1 1 1 1 5 2 1 1 39 39 4 1 4 1 4 3 18 1 1 6 2 8 7970528.930066105 5.660363246690918E7 8.198528944591223 0.0036355714001307495 0.0 
1 1 7 1 3 1 1 1 10 1 1 1 8 29 1 1 2 1 1 1 1 1 5 3 1 5 8 1 4 28 1 4 1 1 9 22 11 1 1 1 13 39 36 1 2 1 18 10 24 18 1 7 1 10 1 15 3 1 1 1 39 1 1 2 1 10 39 1 1 1 12 1 1 3 18 1 1 11 5 6 1 8311169.805860988 7.310274519695058E7 8.40357398719142 0.0028639811149973383 0.0 
1 1 30 1 6 11 21 1 1 1 1 1 4 35 4 1 10 7 1 1 1 1 39 3 12 4 1 1 1 35 1 10 3 1 9 1 1 1 3 4 11 2 39 5 1 1 4 8 1 18 1 1 7 1 1 14 3 8 1 22 1 1 1 8 1 1 15 16 17 1 1 1 7 3 12 1 1 11 1 1 17 8790929.341386858 7.494000500079004E7 8.677765612592676 0.0028097518392975296 0.0 
7 4 18 1 2 5 18 1 5 20 7 5 1 1 14 1 10 1 6 31 9 1 34 5 3 1 1 4 1 20 1 1 1 5 1 1 1 1 1 1 39 7 6 8 4 1 1 36 1 13 1 17 1 2 1 11 4 4 8 1 5 27 1 6 5 1 7 8 6 1 1 4 1 20 1 1 1 9 4 2 4 7273984.886701095 4.6822922549411036E7 8.573539494611461 0.003967682771031439 0.0 
4 8 1 3 2 24 1 26 1 1 15 1 1 3 11 6 2 5 2 1 5 6 1 25 8 1 4 3 1 39 5 9 2 10 1 2 1 8 8 2 13 28 1 4 1 17 1 1 1 1 6 2 9 1 2 5 37 2 14 15 1 5 18 2 3 1 1 21 1 6 9 1 5 1 1 14 1 1 1 19 5 7499048.525088753 5.555029448696597E7 8.579676092348986 0.0037630193998028968 0.0 
1 1 1 6 1 2 1 1 1 3 21 12 1 39 30 21 1 2 16 6 1 18 3 1 4 6 10 1 2 1 1 7 25 13 9 13 5 1 17 8 18 5 1 1 1 1 10 8 1 1 12 2 1 1 35 1 3 1 10 1 8 1 3 5 1 1 13 1 1 1 25 5 1 1 2 10 1 1 1 1 20 7726134.209750222 4.165497457002049E7 9.158878717204644 0.003394208213006135 0.0 
1 3 1 4 1 5 7 1 2 1 1 5 10 17 1 3 1 1 1 3 5 1 21 1 3 1 1 1 5 39 32 8 3 1 6 32 6 4 1 2 8 32 1 1 7 4 2 1 32 22 1 1 14 5 32 1 13 4 7 10 15 1 1 2 1 3 5 1 39 1 1 1 4 2 1 2 8 7 1 4 1 8357014.744434743 6.620912685494405E7 8.387504227043864 0.0029869361939502256 0.0 
1 1 8 3 19 1 1 1 3 2 11 11 1 1 2 2 8 4 1 1 12 30 3 6 1 1 7 6 14 33 1 3 5 3 11 2 1 8 3 5 19 16 5 26 5 1 2 1 38 1 11 9 1 2 12 19 5 4 1 5 32 8 1 1 7 13 3 1 3 5 3 7 6 1 1 3 1 9 5 2 12 7402710.97725101 5.943884384568036E7 9.567593496528435 0.0037389230511903366 0.0 
2 1 10 10 3 9 2 7 5 1 1 1 4 1 1 1 10 6 6 21 12 15 17 1 2 1 8 3 1 3 31 1 9 15 2 1 3 10 1 3 39 5 1 2 11 1 1 10 1 4 4 11 13 11 22 1 25 2 9 7 1 1 1 1 14 1 3 28 2 1 36 1 6 5 1 1 1 6 1 3 1 7760229.763031632 5.176431285476576E7 8.433311767779406 0.004286785282010584 0.0 
1 1 7 25 3 1 1 1 2 2 11 1 4 1 25 16 5 4 1 1 19 11 28 1 13 1 1 1 22 3 1 13 5 1 8 2 2 25 3 1 24 1 39 1 2 9 5 1 8 4 6 1 1 5 1 1 12 2 9 1 21 3 1 8 2 11 3 39 1 10 4 1 6 1 1 3 1 6 2 1 8 8367135.346613793 6.5583985219271235E7 7.551137325512722 0.003397365732716911 0.0 
1 5 1 15 2 1 28 4 1 11 1 3 9 1 1 7 1 1 1 5 13 1 39 1 7 6 7 9 4 1 7 33 1 4 1 1 11 8 19 4 32 1 1 1 7 2 2 10 1 1 1 2 1 1 39 2 1 1 1 1 1 1 1 9 1 18 6 1 7 1 1 1 25 1 39 17 3 3 1 1 10 8562941.712973129 9.972018086378755E7 9.442711642992231 0.0025485179857232263 0.0 
6 1 1 15 1 1 1 1 3 16 1 6 1 11 2 1 14 10 11 1 10 1 1 4 13 7 1 1 23 1 1 25 6 1 1 1 25 6 7 1 39 5 1 5 9 4 1 8 39 35 5 1 1 1 1 1 17 1 1 3 39 1 2 1 6 1 8 3 5 1 1 15 6 13 1 1 1 1 2 1 13 7492477.83886817 4.943955727670556E7 10.248454818412739 0.0037887316027729995 0.0 
4 10 18 1 23 2 5 20 4 13 6 5 10 28 1 12 1 1 1 17 2 4 1 1 3 1 13 1 1 5 1 1 8 1 1 1 36 9 1 1 1 1 13 1 1 1 4 22 1 24 1 16 6 1 1 13 1 8 1 1 39 1 6 1 7 2 4 1 39 3 3 1 7 1 1 5 5 11 1 1 1 8243803.456708877 1.2778641736909154E8 7.628318068960752 0.003356454638443428 0.0 
1 39 1 1 1 1 1 1 10 1 1 20 1 39 15 3 1 1 1 1 1 1 1 1 2 1 1 1 1 39 1 1 1 1 1 39 2 2 1 1 1 1 1 1 1 1 1 1 25 4 22 1 1 6 39 3 1 1 8 1 12 1 32 3 1 9 38 39 1 1 2 7 1 2 3 6 1 1 9 1 1 8675230.56855704 6.117665934359934E7 8.033134261184196 0.002894996524602353 0.0 
1 1 26 3 11 1 16 1 6 1 1 1 1 27 1 6 1 3 11 11 1 22 1 19 1 4 1 1 7 1 1 1 2 1 1 1 1 1 12 7 1 39 1 3 10 20 2 31 1 12 1 6 13 17 4 12 2 1 3 15 25 1 3 1 1 1 24 18 1 4 1 4 2 3 8 1 3 10 6 1 8 7624401.623517098 6.492407393001145E7 8.465178071315902 0.0036900847814455855 0.0 
2 5 1 1 4 17 1 1 4 2 10 10 1 34 2 1 1 1 1 1 8 15 25 1 1 1 1 5 8 39 1 1 1 9 1 2 1 1 15 9 29 1 16 1 21 1 1 9 39 1 1 7 1 1 1 25 1 1 18 1 1 1 24 3 1 1 4 25 1 3 1 1 6 8 10 5 1 4 8 6 5 8584534.991427923 1.0249602666939406E8 8.000090587960099 0.003008348395854377 0.0 
2 1 1 1 1 1 1 1 3 1 2 4 1 1 6 32 4 5 39 19 22 13 1 39 1 2 3 1 5 9 1 12 1 17 3 1 1 1 28 1 30 2 1 21 1 1 17 1 2 2 1 5 1 1 1 1 1 6 18 2 39 13 8 1 1 1 1 1 1 3 12 9 3 1 16 1 2 23 1 1 1 8221013.776556658 6.627020364673089E7 8.504148211009948 0.00295123996743494 0.0 
1 1 1 1 9 1 3 1 2 1 1 1 1 1 1 39 9 1 1 1 4 34 1 17 1 2 2 1 18 1 1 32 2 2 8 1 3 1 1 1 39 2 39 1 6 1 1 9 1 2 3 5 1 1 1 1 1 1 18 15 39 1 1 7 5 1 6 25 39 1 1 1 9 1 31 6 1 4 1 1 10 8907660.022767482 9.928977497013934E7 8.62232553513071 0.0024893763560202894 0.0 
8 1 1 1 1 4 4 7 19 12 9 1 1 2 1 7 20 9 1 3 21 15 1 1 1 14 1 5 1 1 39 1 31 11 3 2 12 3 1 11 1 10 18 14 6 2 1 1 1 18 1 32 1 1 1 1 4 9 1 1 1 1 1 1 1 1 17 4 14 3 1 1 11 13 3 1 1 29 1 12 13 7680223.631112026 5.9938645569070704E7 10.550646707509134 0.0034103247942186233 0.0 
1 1 1 1 4 1 20 2 1 2 2 1 8 1 1 8 1 1 6 1 11 13 1 32 2 6 5 8 13 9 20 17 4 1 9 5 7 1 1 3 39 1 4 1 1 1 1 11 1 3 15 1 2 2 1 2 1 21 1 8 39 7 39 1 5 1 4 10 39 1 8 1 1 1 1 18 6 3 1 1 1 8415255.406766482 7.904203804165794E7 8.943307407129684 0.0026511067817612194 0.0 
19 7 5 3 1 3 2 39 4 1 5 5 13 4 1 1 1 1 13 10 9 1 39 1 7 8 1 1 1 4 1 10 1 4 1 1 8 7 4 2 20 2 1 3 2 3 1 17 1 1 1 6 1 1 1 1 5 13 27 5 28 1 39 1 1 1 3 1 28 9 1 1 1 23 1 5 1 1 6 12 3 8951268.97526096 1.2476654316729616E8 6.809024935067295 0.003048977893694822 0.0 
8 3 2 10 10 2 2 2 1 1 6 9 1 13 29 1 1 1 3 1 1 14 1 29 1 3 8 9 2 18 8 22 8 6 18 4 1 1 29 1 36 4 35 1 1 9 1 3 1 8 2 1 14 1 1 1 1 6 1 2 39 1 4 1 2 1 1 4 4 1 1 8 1 1 26 1 16 4 3 1 1 8194305.142792133 8.209669430974528E7 8.30299313353657 0.003048123822202147 0.0 
2 2 6 1 32 1 1 1 1 1 2 3 4 1 3 3 2 4 25 1 1 39 1 17 6 1 17 1 1 3 8 1 2 1 1 4 3 36 8 1 1 1 15 2 4 13 4 6 16 39 2 2 14 10 1 9 4 5 38 2 26 1 4 1 2 1 8 34 1 1 1 4 1 1 3 2 7 14 3 1 1 8175061.6385211265 8.091284710968542E7 8.428924046655832 0.0029643320326301053 0.0 
6 1 1 2 11 10 5 1 4 1 10 1 5 1 5 25 2 17 21 2 20 6 22 1 7 11 6 1 1 25 13 1 4 1 1 1 5 1 2 6 1 15 13 2 3 1 1 13 16 32 6 1 22 3 1 1 1 1 20 1 1 1 1 1 1 1 3 1 39 1 1 1 1 3 24 1 2 26 5 6 1 7890205.803023324 7.578111435313545E7 9.090565572517876 0.0030691129056609925 0.0 
2 2 1 1 4 7 1 11 1 3 1 8 1 14 17 2 2 10 39 7 1 1 1 6 2 7 1 4 2 7 16 7 1 1 15 1 5 1 1 1 39 35 24 8 5 1 1 16 1 10 2 13 30 6 1 8 4 2 1 10 23 1 1 19 4 1 1 4 12 4 1 10 1 1 7 4 1 1 1 2 1 7500553.939393294 4.696886668430455E7 10.049912232329415 0.003714825388477354 0.0 
8 8 1 1 1 18 4 4 1 1 9 1 1 1 1 27 1 1 2 1 1 1 1 1 1 1 3 2 16 1 6 3 10 7 1 1 1 30 9 8 1 13 25 6 1 3 1 13 24 1 16 16 2 1 4 1 19 13 1 9 19 1 12 3 6 2 12 39 39 1 12 1 1 1 1 1 1 8 11 3 1 8635112.141812123 7.114281694154298E7 9.78463970974498 0.002775088651680957 0.0 
1 39 1 3 6 3 3 1 16 6 13 5 6 6 3 1 11 1 1 2 12 1 39 1 1 13 1 1 12 30 7 14 1 12 2 3 11 1 6 8 1 28 13 8 1 1 11 3 39 1 1 6 1 36 7 10 1 1 1 1 1 15 1 1 1 1 1 5 1 1 1 1 2 1 1 8 2 11 1 1 8 7579258.504014196 5.472740023134767E7 9.117758899501057 0.0036957806847520455 0.0 
5 10 17 2 1 1 3 1 16 13 1 1 1 6 1 8 11 1 1 1 13 1 15 1 1 28 5 12 3 8 1 10 13 1 13 1 1 3 4 8 23 3 1 5 3 6 8 1 4 1 1 39 13 1 5 20 1 3 1 25 1 3 39 5 1 1 1 39 1 4 1 1 3 17 1 1 1 6 1 1 1 7666636.624271047 7.035900852882144E7 7.660915738547329 0.0041042264742054 0.0 
1 7 1 1 1 1 1 16 4 2 5 4 1 3 6 6 1 10 6 1 1 14 1 14 17 1 9 1 1 7 4 1 1 9 1 3 1 1 1 1 30 39 1 2 1 4 1 1 25 1 6 1 6 15 5 11 8 2 39 1 1 1 23 1 2 18 1 24 29 5 6 1 6 1 14 20 1 5 5 1 4 7522381.211919238 5.2122183058406085E7 9.891006685676194 0.0036347842553866956 0.0 
1 5 3 1 4 4 1 3 3 2 6 9 1 14 1 32 11 3 34 1 1 26 39 1 14 1 1 1 1 3 1 4 1 3 1 2 1 6 29 1 1 1 33 10 5 13 7 1 1 1 3 1 5 1 1 1 23 1 1 1 39 1 30 4 3 5 1 11 1 1 14 1 1 7 25 1 1 1 1 1 1 8328357.750568112 9.517408643281327E7 7.537353081572522 0.0034074383821502442 0.0 
13 1 1 1 1 3 2 4 2 1 12 1 1 1 1 1 4 2 1 1 1 39 1 5 1 12 3 1 39 1 4 13 1 1 1 39 13 22 1 1 1 34 2 4 1 8 1 2 15 1 1 11 16 2 39 29 1 2 1 3 22 1 7 1 3 1 18 6 1 1 1 1 4 8 22 2 1 1 1 1 1 8800983.00384594 1.19725076214331E8 7.366577509196195 0.0024986806309251143 0.0 
1 1 8 1 1 10 17 17 12 1 1 14 1 10 4 1 1 1 17 7 1 8 1 4 2 1 1 1 1 10 7 1 5 3 14 1 1 1 1 2 33 32 5 4 2 2 1 8 4 1 8 10 8 2 7 17 7 24 1 1 1 2 39 3 1 10 39 11 1 1 1 15 8 1 1 7 7 1 3 4 4 7754457.751098686 3.617239036496053E7 163.42700265534995 22.62859394317482 0.0 
1 39 1 16 1 1 19 1 1 1 5 5 2 1 14 1 1 1 30 1 1 1 39 35 5 4 1 1 11 39 1 2 1 15 4 1 4 7 1 3 1 9 1 2 1 2 13 1 1 1 1 9 10 4 1 1 1 1 23 39 13 19 16 1 1 1 1 1 1 4 1 3 1 1 1 1 15 1 3 14 1 8885313.214037986 1.1620371368972948E8 8.342416745506721 0.0023130296268709595 0.0 
1 7 3 2 1 2 1 35 1 14 8 6 3 6 4 13 9 2 8 3 7 1 13 1 2 7 5 2 1 5 1 7 2 1 24 1 1 1 2 1 39 1 39 1 1 5 20 1 1 1 1 8 1 12 8 3 1 9 29 2 9 11 39 2 4 4 17 1 8 1 1 1 11 1 1 6 3 4 4 1 1 7712991.8669598065 5.497369218130667E7 8.60360209637041 0.00370856124413351 0.0 
3 1 1 13 1 10 1 1 1 5 11 5 10 6 1 29 15 1 39 6 7 4 24 7 1 1 6 3 1 28 8 1 6 1 1 1 2 3 15 3 29 11 31 1 2 1 6 1 10 15 1 8 21 1 1 7 17 1 1 1 5 3 29 1 1 12 1 6 1 10 5 1 1 6 1 3 1 1 1 1 1 7846697.074440113 5.20739569347236E7 9.144062544537386 0.003415024897525053 0.0 
5 1 12 8 5 1 6 1 3 10 11 3 5 1 1 1 1 1 1 1 1 2 15 3 2 2 10 1 1 22 6 18 8 5 14 5 8 1 1 1 39 1 39 1 6 1 1 6 38 2 9 6 1 5 1 12 2 1 2 1 7 1 1 1 4 6 36 25 26 1 18 1 9 3 1 9 2 1 1 3 6 7424264.8329696655 5.611604870419724E7 8.661697635143453 0.0036836162874357807 0.0 
1 9 12 1 17 6 12 1 1 13 6 1 4 39 1 1 1 1 5 2 1 20 1 35 1 2 7 1 4 11 6 21 1 1 1 17 19 1 5 10 1 17 1 3 4 4 1 1 1 9 16 4 1 6 1 1 15 8 1 1 19 6 39 1 5 1 10 11 16 1 1 1 1 1 1 1 11 14 1 1 1 8245186.964015665 1.0755384908538747E8 9.389882914608334 0.0027905857511756854 0.0 
2 39 2 2 1 13 1 1 1 2 2 4 4 1 1 1 9 1 1 7 3 21 18 18 8 2 17 1 6 17 1 1 1 1 1 1 1 4 1 3 2 1 1 9 6 1 7 8 9 9 1 1 1 1 1 1 13 1 1 1 35 35 39 1 1 12 26 33 2 1 1 1 4 3 4 1 2 15 5 7 3 9674232.872143418 1.4888547416755438E8 6.358299210723215 0.002528560361873388 0.0 
4 9 1 1 1 1 1 1 1 12 1 1 1 1 1 1 1 3 1 10 30 1 1 17 1 22 1 3 1 1 2 1 5 14 15 1 1 3 1 1 39 1 32 3 11 7 1 1 8 1 3 15 1 3 9 11 10 1 38 1 39 4 3 1 10 15 3 8 39 1 1 1 5 6 7 7 8 7 1 1 2 8433510.151474599 6.01738657183377E7 8.548440103887046 0.0029338266995507936 0.0 
4 19 2 4 23 1 4 6 1 1 28 10 1 26 39 1 1 1 4 18 2 13 1 3 1 4 1 1 1 1 1 1 9 16 2 1 18 1 37 1 39 1 1 4 1 1 9 11 1 11 1 2 3 2 1 20 1 7 5 2 1 1 1 1 4 2 1 8 14 1 17 1 9 1 1 18 1 3 1 1 18 9143249.870058872 1.358983345230674E8 7.281887493924016 0.002763314006795648 0.0 
1 27 2 18 4 7 1 1 1 1 5 5 5 1 1 1 4 1 4 7 14 13 19 3 1 1 12 5 14 18 4 1 11 8 2 1 4 1 1 4 39 12 21 2 5 1 1 16 1 11 5 5 1 1 1 1 15 3 9 1 39 1 1 1 34 2 1 8 14 2 8 1 9 6 1 1 1 14 1 3 5 7653028.406354676 6.296270397386437E7 8.916789004556822 0.003403586401645759 0.0 
1 1 2 3 1 3 7 5 5 1 4 1 1 1 3 10 17 1 22 18 4 10 12 28 5 1 3 1 26 1 2 1 1 3 1 1 1 4 12 1 29 7 1 1 10 1 3 1 1 5 1 20 1 39 6 1 16 5 20 1 39 1 1 1 8 3 1 20 8 2 5 6 4 1 16 3 1 5 1 11 1 7582236.455068937 5.4360873163268454E7 8.37131736480199 0.003835191912528525 0.0 
1 1 12 1 1 1 8 6 1 1 15 7 6 1 1 39 1 16 13 1 1 5 1 6 1 16 7 4 1 20 13 1 19 10 5 1 1 3 3 2 1 36 30 2 15 3 9 1 5 1 24 1 17 1 1 16 1 1 10 7 37 1 1 1 1 4 5 1 2 1 9 1 4 1 1 13 1 2 1 6 10 7477857.045072135 4.64312824830307E7 10.254810102756402 0.0037735226091525163 0.0 
4 1 14 1 1 1 8 1 2 3 1 11 1 1 2 24 1 5 1 1 1 1 1 16 6 2 3 29 1 30 8 12 1 1 27 2 7 1 6 17 1 12 7 1 1 35 1 14 1 4 1 1 4 1 1 1 1 1 30 1 17 1 1 7 3 1 37 24 4 1 1 7 4 11 6 2 5 1 2 15 4 8569701.609344212 1.096670400199136E8 7.109189395732023 0.003107145086294337 0.0 
5 1 1 1 1 15 11 4 2 13 5 2 8 20 1 26 5 10 39 4 16 1 6 20 1 1 1 21 2 24 11 4 12 2 2 1 5 1 1 4 31 19 1 2 1 2 2 18 1 1 1 29 1 8 1 1 10 1 1 11 5 1 20 1 1 1 1 18 1 1 8 1 4 1 1 14 1 1 1 6 2 7820669.235164005 4.578189321813625E7 10.269176587309682 0.0033275493524841716 0.0 
5 5 14 1 1 4 7 4 2 7 1 11 4 5 4 20 1 4 39 4 24 1 34 7 1 12 1 2 2 1 1 11 1 6 1 1 1 1 13 6 24 19 6 13 1 3 1 1 26 1 1 5 5 1 19 1 10 1 3 2 28 1 1 1 1 1 12 1 39 1 17 1 4 1 1 1 1 1 8 6 4 8306021.697373767 7.475429495747492E7 7.366496736967532 0.003457317585962712 0.0 
1 39 5 5 1 20 1 4 1 7 1 18 3 24 1 1 1 7 24 6 11 1 6 7 9 4 1 1 13 2 1 34 2 15 1 2 23 1 6 4 1 4 1 7 1 1 1 1 2 1 39 1 1 22 1 1 14 8 1 1 5 1 5 2 1 1 1 3 39 1 1 1 11 4 1 7 1 22 1 2 3 8453111.399528474 9.082973495825486E7 7.516624439829455 0.003307836511855361 0.0 
7 27 12 5 7 4 1 1 2 2 1 2 1 8 1 12 5 2 16 1 8 14 17 1 1 1 16 5 1 6 1 1 10 9 5 5 3 6 3 2 26 1 7 2 8 10 4 7 6 18 1 1 1 1 2 1 22 5 3 8 39 1 1 1 28 3 12 9 16 1 5 3 6 6 4 1 2 3 6 12 5 7645650.796159448 6.365796721044893E7 7.880018286998248 0.0043376806479628926 0.0 
4 35 1 1 1 3 6 5 1 12 8 7 1 4 7 21 1 1 31 5 20 1 36 1 4 11 2 2 1 1 2 39 2 1 10 4 1 1 1 1 8 2 14 1 1 1 1 1 36 4 33 1 2 1 1 9 18 1 10 5 1 16 1 2 6 1 12 1 1 1 1 1 9 3 1 1 1 21 1 1 2 7913772.302370534 6.243429024767496E7 8.12068197451274 0.0032398259276150707 0.0 
2 5 1 2 3 8 3 1 1 1 7 7 10 14 3 17 2 1 31 1 10 16 1 23 1 11 1 1 4 1 32 1 3 5 9 31 7 1 6 1 21 1 39 1 4 3 21 1 24 1 15 1 9 1 1 9 3 2 13 1 10 4 1 1 1 5 5 3 1 1 1 1 6 3 5 1 2 10 12 6 3 8052915.32927619 6.1962333258469455E7 7.705558478553663 0.0033184494469808115 0.0 
1 34 1 10 1 3 1 1 3 4 12 2 3 6 12 1 4 12 1 1 16 2 30 3 1 7 1 1 13 1 1 32 1 1 1 2 13 2 9 2 39 1 39 1 1 4 8 16 1 1 15 1 1 9 14 8 1 1 7 1 18 2 26 1 1 3 1 1 1 1 20 1 7 1 1 12 1 1 1 1 5 7941165.994117607 9.661572312397133E7 7.726341490347495 0.0033413930885518263 0.0 
6 1 5 1 1 14 1 24 2 4 5 1 11 14 1 6 1 2 5 7 1 21 5 36 2 1 12 1 1 1 2 2 3 1 18 1 1 17 3 1 1 4 39 2 1 13 3 3 13 39 1 1 1 10 2 1 4 1 1 6 1 3 1 3 13 1 1 16 6 1 24 1 4 1 3 1 7 16 1 1 34 7938048.915757223 7.875516031241019E7 7.3659403250402855 0.004266471969792387 0.0 
1 11 5 2 5 4 21 25 8 1 1 5 7 1 5 12 1 7 13 1 14 11 11 1 6 10 1 1 5 11 2 4 7 1 4 1 1 1 1 1 24 30 28 1 1 1 9 1 8 1 9 6 1 1 1 1 5 17 1 1 31 1 5 9 10 7 1 19 13 15 2 10 1 8 2 7 3 1 1 1 15 7241787.449293695 5.183766945668841E7 10.496807352295638 0.0038324681817605635 0.0 
1 39 1 1 1 1 23 1 8 1 1 12 1 6 9 1 7 1 39 6 8 11 1 18 1 1 1 5 3 1 6 10 4 1 1 1 3 1 1 1 21 7 39 2 8 1 6 2 27 1 1 5 7 34 17 2 17 1 1 12 19 1 4 1 1 9 1 2 1 5 1 1 10 1 1 5 1 5 1 1 9 7267810.305318274 4.2079171737600826E7 9.223919548439998 0.003901829628569259 0.0 
3 5 1 2 1 1 1 1 2 1 1 1 1 17 8 35 7 1 3 12 1 39 8 17 3 1 2 31 16 1 1 39 1 6 5 1 1 1 1 1 25 8 39 1 10 1 8 3 11 1 1 4 1 1 13 2 1 1 17 1 5 8 5 6 4 7 14 23 1 1 1 1 8 1 5 5 1 1 1 1 9 7793338.800394374 5.77815375774304E7 8.65479725324674 0.003586338667598993 0.0 
4 1 19 3 28 2 5 20 4 14 1 1 12 34 3 1 1 1 1 4 12 3 1 1 8 1 13 1 1 1 1 1 12 1 3 1 36 9 1 3 4 4 3 1 1 1 1 22 1 24 1 19 10 1 1 13 1 12 1 2 39 1 1 2 7 1 6 1 39 5 8 1 7 1 4 2 1 7 1 1 1 1.0174607344355071E7 1.910124452346836E8 6.351138916049748 0.0030009570255297383 0.0 
8 1 1 1 5 1 2 1 2 2 15 1 4 1 1 1 1 1 5 1 1 4 1 39 1 7 18 1 12 22 20 7 1 1 7 1 8 1 1 6 39 1 20 1 1 1 7 36 1 7 15 7 2 3 1 2 1 21 2 16 1 5 24 2 21 13 4 12 1 1 5 1 1 1 4 18 7 16 1 5 1 7798853.2037630025 6.1487326518852524E7 8.361701538368791 0.0034435149024019084 0.0 
1 12 1 8 7 1 1 1 14 11 10 1 8 13 4 1 1 14 14 11 1 38 8 1 16 6 3 1 8 30 5 1 1 1 7 1 6 1 12 2 36 11 1 2 2 1 1 1 1 1 6 13 1 14 1 1 2 6 11 1 24 32 13 1 7 9 1 1 1 3 1 4 12 2 1 7 6 1 3 8 1 7287961.376332704 4.184272783942266E7 20.87093056654554 0.09181533596974392 0.0 
1 1 3 1 3 1 32 1 1 1 1 1 8 1 1 1 1 2 33 6 11 16 1 39 1 11 1 2 13 6 4 19 3 7 5 1 1 1 12 4 1 4 12 1 1 8 9 1 1 1 2 1 3 1 13 13 5 22 1 7 39 1 1 1 2 3 4 1 39 8 12 2 10 2 4 6 12 1 5 12 1 8976817.005348792 9.126306656937028E7 7.489754210156251 0.0033218608415627546 0.0 
1 26 11 9 1 1 1 7 1 2 8 1 8 1 1 1 1 7 1 1 1 1 5 2 21 3 1 1 7 12 22 13 3 13 7 11 1 8 10 1 39 1 15 16 1 10 10 2 1 5 1 1 1 1 1 1 1 5 12 5 27 10 7 1 2 1 1 18 23 7 21 2 5 1 11 8 2 3 10 12 5 7465423.287514316 4.352988323657221E7 11.619158624436704 0.003851455625789481 0.0 
10 1 9 1 1 11 1 24 8 1 5 1 11 3 12 1 1 1 1 1 15 1 1 13 1 3 1 1 3 35 1 13 1 1 2 1 1 3 1 6 35 26 4 4 1 9 1 21 2 2 1 1 6 6 28 16 1 3 1 4 1 9 1 1 1 17 10 9 31 1 24 1 8 1 1 21 1 1 7 9 1 7614785.094092559 6.267788926405496E7 9.486394854905111 0.003404071170404388 0.0 
3 1 1 4 26 2 1 1 1 5 1 1 11 9 2 24 19 1 39 5 1 10 15 1 1 1 20 1 1 28 7 1 1 1 12 1 3 24 11 3 1 11 39 1 5 12 1 1 5 1 4 2 25 1 1 35 11 1 1 1 24 3 1 1 1 13 1 9 1 1 2 2 1 7 1 3 5 4 1 1 1 8460113.057609621 1.2294759777621295E8 7.983657758798045 0.002898337341279973 0.0 
11 1 1 1 1 1 1 1 15 1 10 2 1 9 31 2 12 2 39 1 14 1 1 16 13 1 3 2 12 1 5 1 1 1 18 1 1 1 1 1 35 1 39 2 8 1 16 16 12 1 14 1 7 1 1 1 5 1 34 1 27 4 13 1 1 1 10 6 1 1 1 2 4 1 5 15 1 1 2 1 5 7870048.416676897 5.1938212421807036E7 8.872895210572143 0.0033098597893616386 0.0 
4 1 14 1 1 1 1 1 15 1 1 2 8 2 3 24 6 1 1 6 1 1 1 21 6 22 3 29 2 39 5 5 1 4 23 1 2 1 7 2 5 20 1 3 5 5 1 3 17 1 1 1 1 3 1 1 20 2 39 39 1 12 1 1 1 1 1 1 1 3 1 2 4 1 1 14 4 16 2 3 20 7846157.6713631 5.7063783884590596E7 7.516923168775688 0.0034804013741374642 0.0 
5 11 4 6 3 1 19 15 1 2 18 1 1 3 12 5 1 8 1 6 8 6 1 17 1 1 2 1 4 1 1 10 8 1 1 1 1 6 1 1 39 1 39 4 6 16 9 4 9 13 8 1 1 4 1 7 5 12 1 1 30 2 1 1 5 6 20 15 10 1 9 5 1 1 1 11 11 3 1 1 18 7490849.77376998 3.783767232819094E7 274.5544474040351 71.6297235761727 0.0 
3 3 1 5 4 10 4 1 6 6 14 1 17 9 1 1 14 8 10 2 39 1 29 1 1 2 1 2 5 1 6 22 1 1 5 12 6 7 1 2 24 1 1 11 1 1 1 7 29 1 7 17 12 6 3 26 1 1 1 1 1 5 1 1 3 1 1 39 2 10 5 3 1 17 2 6 2 1 1 4 10 7747150.227863089 7.127932397502169E7 7.531348158341901 0.0040499633668919744 0.0 
1 39 2 12 1 1 8 4 1 1 1 13 4 1 18 6 6 14 1 1 1 16 1 12 9 9 1 1 1 1 7 9 12 1 2 1 11 1 19 10 7 12 1 1 1 2 11 14 1 3 1 11 37 1 3 6 27 1 1 1 2 32 1 2 1 3 11 1 29 1 1 2 5 22 1 7 1 1 1 1 2 7568083.26370039 5.2872431163947076E7 8.747751318289376 0.003777196886121756 0.0 
1 36 10 1 1 10 1 1 3 5 7 1 11 1 12 1 5 2 1 2 4 14 13 5 7 5 8 1 1 9 4 4 1 1 5 5 8 16 1 4 23 1 39 1 8 1 2 1 17 1 20 3 1 2 1 8 25 5 1 1 27 1 1 1 1 4 4 22 16 1 25 3 1 5 3 8 1 1 5 1 17 7682814.092377401 5.855507722529498E7 8.508884056015102 0.003499642443305802 0.0 
5 1 15 8 5 1 6 1 13 1 9 3 2 21 3 1 6 1 1 5 1 5 5 14 1 7 3 1 1 39 5 7 9 3 1 5 6 2 5 5 5 10 37 1 18 1 5 1 39 1 8 14 1 1 1 7 3 1 4 1 1 32 1 1 9 7 1 29 9 1 10 4 14 3 1 9 1 10 1 1 4 7487320.772967388 6.475186267380463E7 8.309490385703695 0.004084799225936436 0.0 
1 30 1 10 3 1 11 1 1 11 5 8 9 3 17 1 1 16 4 1 10 1 39 4 10 1 1 1 9 5 7 14 3 1 1 1 2 2 1 11 17 5 39 2 15 9 20 1 1 1 2 1 1 1 1 4 10 3 4 2 11 13 1 2 1 16 5 37 1 1 31 1 3 1 1 1 1 9 1 1 1 7812473.673252523 6.118821116138268E7 8.110970176613295 0.004155447448991329 0.0 
1 20 1 1 11 1 1 2 2 1 1 9 1 1 4 1 1 12 1 19 12 1 1 1 6 20 1 1 13 1 39 29 1 1 1 1 1 21 1 1 1 19 1 1 4 10 1 1 39 1 1 20 1 1 18 11 10 1 23 16 1 1 1 3 6 10 16 18 30 1 1 1 2 3 1 1 1 4 4 2 2 8285091.693165962 7.543750657369268E7 7.7187182838961395 0.0032740407029834377 0.0 
1 39 1 24 2 6 1 1 1 1 5 3 26 1 1 9 6 1 4 1 6 16 1 1 1 7 4 1 1 1 5 5 17 9 1 1 1 2 1 1 39 19 1 1 17 2 1 1 1 6 8 14 1 1 20 1 10 12 18 1 39 1 1 1 39 2 1 8 1 2 9 1 3 3 2 1 1 32 1 1 2 7944932.194212169 6.522069981120101E7 8.539664557343148 0.0030325798976235567 0.0 
2 1 3 3 8 7 1 1 6 2 1 2 9 39 3 8 12 1 39 1 1 14 2 1 1 1 10 15 10 14 8 26 1 1 3 1 4 1 7 1 9 1 3 4 10 1 12 3 29 1 1 17 3 15 1 1 39 6 1 1 5 1 1 1 1 3 1 14 19 1 1 1 1 11 2 20 10 1 1 1 2 7948077.575744775 7.941392202121004E7 9.549597549486004 0.002901892424560782 0.0 
6 1 1 1 4 1 4 1 1 1 18 10 4 19 21 3 5 5 11 1 7 9 3 4 3 1 12 4 1 6 1 6 1 3 1 1 1 4 5 4 39 1 34 1 1 1 2 13 1 35 1 1 3 1 1 1 36 10 7 5 7 11 4 6 12 2 15 28 5 1 15 11 2 5 13 5 1 3 5 1 5 7373751.7010081345 5.876229844909758E7 8.923683336307883 0.00390963305718414 0.0 
7 15 1 2 3 1 16 1 11 6 15 1 3 12 6 1 2 1 1 2 21 1 1 17 1 7 6 3 12 12 1 1 1 5 4 2 2 5 15 8 1 1 39 8 1 1 15 10 19 1 7 11 21 7 4 4 4 1 27 1 39 1 26 13 1 3 3 3 3 1 1 1 4 1 5 6 7 1 2 2 1 8050781.65513196 4.608252080366717E7 8.9673454035126 0.0036618118054189495 0.0 
1 37 2 1 1 7 25 9 1 1 1 4 10 1 6 1 1 1 31 1 16 1 1 1 10 1 2 7 10 1 1 1 16 1 4 15 1 5 1 8 39 1 18 5 1 1 1 8 1 22 1 6 20 1 3 1 17 4 1 30 17 1 1 1 1 2 5 3 1 3 5 1 4 1 5 14 7 19 2 11 1 7972666.208902477 5.924706272682371E7 8.301826843401411 0.0032463275294739133 0.0 
1 1 1 9 1 1 10 1 1 1 5 8 14 1 25 1 9 16 1 1 12 1 37 4 10 1 1 1 9 5 7 17 1 1 5 1 1 6 6 12 39 5 39 1 14 9 22 1 1 1 1 3 1 1 1 4 1 9 4 2 1 1 1 1 1 16 1 39 1 1 34 1 2 1 1 1 1 1 21 3 1 8104242.534232588 5.136689296209689E7 8.10324525796045 0.0034570445781292843 0.0 
7 1 11 1 1 3 19 3 2 13 19 1 1 1 1 18 26 4 22 1 11 4 6 3 1 1 1 1 7 18 1 25 5 13 1 1 1 1 1 4 39 16 1 6 1 1 3 1 1 7 4 2 8 1 1 1 17 6 14 9 1 1 17 13 1 1 1 39 27 1 9 1 1 1 10 2 3 1 4 1 1 7679937.789243571 5.7764394900427245E7 9.02338426208255 0.003441350982835518 0.0 
9 1 1 9 1 12 1 1 2 4 7 1 1 7 22 1 1 2 2 24 1 4 1 1 1 6 2 1 6 11 6 15 1 19 6 25 9 1 15 1 39 1 1 9 1 6 9 1 1 17 3 14 2 6 4 1 7 1 14 1 1 22 3 1 1 24 10 29 1 1 16 6 3 3 1 15 1 11 2 1 4 7412775.011108151 5.590143011739303E7 8.877579642398976 0.0038740776657816816 0.0 
1 9 1 1 8 1 11 1 1 12 5 7 5 1 1 1 1 1 4 4 5 9 25 33 3 6 13 19 1 35 8 13 1 1 5 1 12 1 1 1 1 32 10 2 3 1 1 6 1 9 1 10 1 37 1 2 1 7 8 17 20 1 1 1 1 7 1 1 39 13 16 1 4 1 5 1 1 1 3 1 2 7883336.373746401 8.018736989955655E7 9.473131013267885 0.0030431045056608244 0.0 
1 1 1 1 10 1 1 2 6 1 2 1 2 1 6 29 4 1 30 4 21 1 15 1 3 1 1 2 1 1 1 17 2 3 4 7 6 1 16 1 1 3 38 4 10 1 1 1 30 1 1 6 1 1 25 1 1 1 1 10 39 13 2 7 1 21 1 22 39 4 6 10 3 1 1 7 1 1 1 1 3 8084217.281438114 1.0425593174806799E8 7.692499945014805 0.0034077149886685373 0.0 
1 1 3 2 11 1 26 1 6 4 7 1 4 5 1 5 10 1 39 1 23 20 11 13 1 9 1 10 3 1 7 9 1 1 1 3 1 1 8 3 1 11 39 4 4 32 1 6 1 1 7 1 1 1 1 1 11 9 1 1 8 3 34 5 1 1 7 21 1 5 1 3 4 1 1 2 1 24 4 11 4 8392792.044056801 1.1754714228591897E8 7.04153786897231 0.003531358657470058 0.0 
1 1 6 22 1 1 4 1 8 16 4 1 2 1 20 1 9 4 1 1 17 10 1 22 6 1 1 4 21 3 1 27 3 1 7 35 1 15 1 1 38 1 10 1 1 1 1 6 7 1 3 1 1 5 2 9 11 6 1 4 1 3 1 6 1 9 7 39 1 10 1 1 6 1 27 3 1 10 1 1 12 7707197.539220963 6.520228614084724E7 8.036617242511534 0.0038337224184211067 0.0 
1 1 37 1 1 6 1 8 1 1 6 2 1 11 4 25 17 13 1 10 2 12 26 6 11 1 1 15 1 8 1 24 2 2 3 2 1 25 1 1 9 7 10 5 1 1 1 1 1 1 10 1 8 1 13 5 3 13 26 1 35 1 14 1 2 14 1 8 2 5 10 2 5 3 6 1 1 1 4 2 3 7460565.155046014 6.011110896391617E7 8.122569287165305 0.004132921565596407 0.0 
3 1 1 7 1 1 3 1 1 1 4 3 10 3 27 16 1 1 39 1 1 3 6 3 8 11 1 2 14 1 15 2 1 1 5 2 4 1 7 18 32 1 1 10 6 1 8 1 1 7 39 3 2 1 1 3 11 1 39 1 9 19 20 1 1 1 1 5 1 1 39 1 1 12 3 5 3 3 1 8 5 8575155.704278052 7.866935936551292E7 8.06812373085079 0.0028764434885934728 0.0 
3 1 14 14 1 1 1 10 2 15 3 10 4 1 8 31 2 11 3 4 1 37 20 33 9 1 16 13 1 1 15 8 9 39 1 1 1 1 2 1 1 20 1 1 2 2 2 11 1 15 1 2 1 1 1 1 6 1 2 11 23 10 1 1 8 1 1 1 1 3 4 1 5 1 13 4 4 1 1 1 18 7691164.746175681 6.707271473913787E7 10.20850315971666 0.0033027463991994765 0.0 
1 1 1 1 10 1 3 1 11 1 2 39 1 26 2 1 1 2 16 3 27 6 14 1 18 7 1 1 1 39 5 1 1 5 1 1 1 1 2 5 39 32 1 1 5 1 3 22 1 2 1 1 4 1 5 1 1 10 11 24 7 1 1 4 6 3 1 22 1 1 2 2 4 5 1 28 1 1 8 12 1 8373204.846971378 1.0516803030102852E8 7.338018959090181 0.003048556493462783 0.0 
1 4 1 1 1 12 1 7 1 1 3 1 1 1 1 18 1 1 5 10 15 1 31 2 5 13 5 1 24 5 9 1 1 4 1 10 2 1 1 1 12 9 6 1 7 1 1 5 1 39 35 1 11 25 1 1 6 3 15 1 2 1 2 1 1 2 9 1 9 2 1 7 6 1 1 39 7 39 1 5 8 8674565.36454063 1.1157408260652877E8 8.54351818688571 0.002469122435367368 0.0 
3 31 1 2 2 1 28 1 1 1 1 1 6 4 12 1 5 10 1 1 26 7 13 38 1 1 4 1 1 1 1 2 1 10 14 14 2 1 5 1 15 10 1 10 3 1 3 2 1 27 1 4 1 1 14 3 39 2 39 2 1 3 1 1 1 1 1 1 26 1 13 9 2 1 1 2 31 1 1 2 1 7803492.571992004 6.147825739686541E7 8.16167160734633 0.0032139985834543365 0.0 
14 1 3 1 8 1 1 6 9 1 14 1 1 4 1 7 1 1 9 1 6 39 23 4 8 24 1 1 7 22 1 10 4 15 1 1 1 12 10 17 1 1 6 1 1 1 15 1 2 14 6 13 1 17 1 1 12 1 3 1 24 20 1 39 1 11 1 4 1 1 1 2 4 10 1 1 1 1 1 1 19 7410208.132932021 5.119880146118464E7 9.789329190697483 0.003646615765042117 0.0 
6 1 13 2 10 4 1 33 1 8 9 1 6 1 1 1 3 1 1 7 1 14 1 1 1 1 15 11 1 1 1 10 1 2 15 39 1 2 26 1 1 2 11 3 1 1 1 1 10 36 1 1 24 12 2 1 3 1 5 15 1 3 7 1 10 1 3 1 18 1 1 1 4 1 2 28 5 17 5 1 21 9340945.923515823 1.8570428701225403E8 7.234230831054182 0.0026471508627988007 0.0 
5 5 1 1 1 2 1 8 2 4 1 7 1 39 4 14 1 1 8 7 22 1 1 1 1 11 7 12 2 1 1 6 2 11 1 10 1 6 26 9 39 9 5 11 4 1 1 14 23 1 1 1 1 1 4 2 1 1 1 1 31 39 1 5 3 10 25 14 7 1 4 5 6 1 19 1 1 1 1 1 1 7679211.118672122 6.363999444252323E7 7.92168356637093 0.004067864507877601 0.0 
5 1 8 1 1 14 1 6 5 1 1 13 8 3 7 1 1 1 25 1 1 12 1 4 12 1 1 1 6 39 1 3 5 5 1 17 1 1 39 1 7 1 15 2 6 1 3 4 26 1 1 1 1 12 1 35 21 1 18 5 1 1 1 27 1 5 1 23 14 2 1 2 1 1 9 5 3 1 7 4 4 7355177.393584671 4.8198554347520955E7 9.122114842299752 0.003962089386083672 0.0 
7 1 1 16 1 1 1 1 1 1 1 5 1 1 3 1 5 37 1 1 2 1 39 1 4 6 13 1 2 4 2 21 2 1 4 28 11 1 8 1 39 1 23 3 1 2 7 2 39 39 11 1 1 12 7 7 1 1 9 1 20 1 1 1 1 2 1 10 8 1 19 1 1 1 1 1 1 15 1 5 1 7992193.656445762 5.73774808905136E7 9.615755657027343 0.0029957183455349523 0.0 
1 1 1 5 1 1 8 7 2 1 1 7 1 6 10 1 22 17 1 5 16 1 18 27 13 1 7 10 1 39 2 21 5 5 4 16 11 3 2 1 1 1 4 3 1 1 13 1 39 15 3 1 1 25 1 1 1 1 1 11 12 12 1 1 4 1 7 18 8 11 1 5 1 1 1 6 1 12 1 1 1 9415058.621061983 1.0297835868845311E8 8.836883122471695 0.0023893703109429936 0.0 
9 3 2 1 1 5 2 1 5 1 7 1 17 5 17 1 1 1 39 1 18 1 1 9 1 3 1 3 5 1 16 10 4 1 1 30 12 4 3 9 1 1 12 6 5 1 1 1 1 1 38 2 1 1 1 1 19 11 14 1 8 20 3 9 5 1 1 1 39 1 30 1 1 1 2 15 1 13 3 1 9 7484753.910571652 5.9293684640378E7 8.509028624476526 0.003897501689728772 0.0 
8 2 1 1 8 13 1 1 1 17 13 1 1 39 1 1 1 4 39 16 32 1 1 10 1 1 1 9 1 2 1 14 1 2 15 19 8 9 1 3 39 24 5 12 1 1 1 1 26 1 1 1 1 1 10 17 3 2 1 1 7 7 1 1 1 1 7 19 11 1 8 10 1 1 2 7 1 1 1 1 1 7936650.046584183 7.391658983960451E7 9.710775419579473 0.0030394188658959486 0.0 
8 39 2 1 1 4 1 1 1 3 1 1 13 14 4 1 3 2 1 6 1 1 1 6 10 1 3 12 3 39 3 1 13 1 4 1 1 1 4 4 1 4 1 5 8 14 10 1 25 1 7 1 7 19 7 2 1 10 1 29 35 1 7 8 11 30 1 19 1 9 9 10 3 1 1 1 5 11 1 1 4 9467023.270207578 1.5710978197985303E8 7.2256576354042945 0.002598657661516162 0.0 
2 1 2 1 14 2 1 1 5 1 1 1 1 14 28 1 3 1 1 6 1 6 1 24 1 1 9 1 1 2 9 9 1 1 15 1 1 1 4 2 39 22 32 1 8 1 1 19 27 1 2 10 10 2 10 17 34 1 1 8 37 1 1 9 5 1 8 26 11 1 6 1 1 1 1 1 7 1 2 1 1 8354159.459403586 5.216731426145222E7 10.130719017310717 0.002882979744766103 0.0 
1 1 1 1 5 1 7 1 10 1 1 1 1 29 1 1 2 1 11 5 1 3 3 32 1 8 2 2 1 27 1 21 1 7 8 2 11 1 10 3 13 13 18 1 2 7 26 1 9 9 2 4 1 1 11 23 1 3 1 7 4 1 1 1 1 11 34 1 29 6 3 2 1 1 19 5 7 11 7 14 1 8621464.832739608 8.794902495852873E7 8.539889100201515 0.0027417104970627205 0.0 
3 1 1 15 1 8 1 1 1 6 11 24 3 1 13 7 25 1 1 1 5 5 1 1 6 2 17 3 8 34 1 4 1 5 1 2 1 1 6 1 1 16 11 3 1 1 11 1 1 24 1 17 17 1 19 1 1 1 16 8 1 1 1 4 5 9 20 1 24 4 37 3 1 3 1 1 1 4 15 1 2 8120720.545261149 7.255904502917543E7 7.155809321969724 0.0035814660494240397 0.0 
4 1 10 1 1 3 1 21 4 10 5 1 1 3 1 11 1 3 5 1 38 9 1 17 4 3 1 6 4 15 1 11 1 3 6 12 14 1 17 5 8 28 1 14 1 2 1 21 3 8 1 7 8 11 1 18 1 9 1 24 2 9 1 6 1 1 22 1 17 1 1 2 9 1 2 4 15 2 1 10 1 7399046.955212361 5.684196443457124E7 8.534880323165474 0.003990147577342759 0.0 
1 23 19 6 1 3 3 1 1 13 1 7 1 1 4 1 1 1 17 6 17 1 39 12 1 1 1 3 7 9 1 10 3 4 1 21 7 4 2 5 39 1 12 14 4 3 5 3 7 1 1 4 1 1 26 6 3 2 1 1 39 1 1 1 1 1 1 1 23 4 7 1 1 1 1 2 4 32 1 6 12 8074065.033535134 8.721101285309234E7 9.528703236332742 0.002920268792859502 0.0 
1 39 1 1 1 3 1 1 1 5 1 2 1 13 4 1 1 4 1 1 18 28 1 26 5 12 1 6 32 1 3 15 1 1 1 3 1 5 4 19 36 11 39 9 1 1 3 1 11 3 1 1 7 13 1 3 1 5 1 1 1 14 1 1 1 2 1 39 1 1 6 1 8 2 1 1 4 19 2 13 1 9189129.556482311 8.720428612829939E7 7.536514655875386 0.002457084303824819 0.0 
14 1 15 6 1 1 1 7 5 3 10 2 8 6 1 1 19 2 1 1 1 2 39 21 10 1 1 5 1 21 1 4 5 13 7 19 7 1 4 4 8 1 5 12 3 8 19 1 1 1 1 5 2 1 1 1 21 8 19 1 25 17 3 1 8 4 32 3 1 2 1 12 1 20 1 6 1 1 1 2 2 7345022.288064308 5.9457645265761E7 8.503808890403892 0.0037816101084942456 0.0 
3 12 1 4 1 1 11 1 2 1 9 1 13 25 1 1 2 1 2 1 1 4 17 34 1 3 1 1 2 25 37 7 1 1 23 1 2 1 1 4 11 15 39 1 4 1 1 3 2 3 1 1 12 1 17 3 26 1 4 1 39 29 1 4 1 7 12 1 3 1 13 3 9 1 1 1 1 1 4 1 1 7981168.7597091375 5.9307377061831966E7 8.050550076098334 0.003048681913609047 0.0 
3 1 1 1 1 2 1 1 1 1 1 1 1 34 8 34 2 1 24 1 15 22 1 5 6 1 1 1 15 1 3 1 1 1 8 36 1 3 1 3 1 19 10 6 1 5 1 1 1 4 15 2 1 1 39 37 6 2 1 1 7 1 36 2 1 1 26 39 1 1 1 5 1 2 1 1 1 1 1 1 1 8659105.7150871 9.665590784478173E7 7.382761137648739 0.0026476986039306208 0.0 
4 1 1 8 1 1 3 15 1 1 1 1 1 15 8 1 20 21 1 1 1 27 26 3 6 1 1 13 11 1 3 21 2 2 3 2 1 22 1 9 1 39 3 1 3 7 10 1 1 1 14 1 11 9 9 1 6 1 1 8 39 1 39 1 1 13 2 1 1 1 1 5 5 8 1 1 3 1 1 6 9 7937455.957521149 4.1008250253336675E7 10.238062209938805 0.0033658314537557033 0.0 
1 39 1 3 3 4 3 1 6 6 12 1 1 39 1 1 4 17 14 2 2 11 11 1 1 14 3 1 4 39 19 6 1 4 2 2 12 9 3 5 1 22 7 13 1 1 5 8 1 12 12 1 7 1 1 12 1 14 1 2 6 3 24 1 9 1 6 1 13 1 1 1 4 6 3 1 1 13 3 4 1 7560362.463065663 6.694753262504935E7 8.413678449604006 0.0038604692579913137 0.0 
1 3 2 1 12 5 1 3 1 1 1 1 1 8 1 2 6 3 1 2 1 20 27 1 1 24 8 1 27 29 39 20 8 4 1 2 1 1 1 5 39 18 1 1 8 14 13 1 1 1 6 29 1 6 1 1 1 1 1 1 1 3 1 1 1 1 12 19 39 1 3 1 2 2 21 5 4 5 1 4 1 8479722.900373206 6.561851310573624E7 9.94163175560549 0.002812767894868614 0.0 
5 6 1 11 2 1 25 4 1 1 1 1 4 4 1 4 1 39 36 4 23 5 1 3 3 15 2 2 3 1 1 1 1 5 3 4 8 4 27 1 1 39 1 6 4 1 6 4 10 1 1 4 1 11 20 6 1 1 5 1 7 3 12 3 1 1 1 10 1 1 31 8 1 10 1 13 7 18 1 1 4 9619238.246311584 2.0714206197436988E8 6.0974279161819 0.003761992310201813 0.0 
1 1 1 1 5 18 1 1 1 12 38 1 2 2 1 39 1 2 39 3 17 12 4 12 1 13 1 1 1 10 29 19 11 1 1 9 9 2 1 1 1 23 12 18 1 1 1 1 3 2 1 2 3 1 1 1 1 1 1 1 23 34 1 1 1 1 1 28 1 1 1 6 7 2 1 5 1 13 1 1 1 8279917.545936275 5.377653279118763E7 9.193492147454918 0.0029155568369205564 0.0 
8 9 35 1 3 16 1 1 1 4 10 1 9 1 1 16 1 1 6 1 1 27 8 1 1 14 1 3 4 1 3 1 10 1 20 39 2 11 3 1 39 6 4 4 1 1 1 10 1 8 6 1 7 1 1 1 2 7 3 10 31 5 1 1 1 1 7 1 39 1 12 3 6 2 1 12 5 1 1 1 6 8389248.366377054 8.992424869891825E7 8.056916050653784 0.0029896698855196163 0.0 
3 39 1 10 2 1 1 1 1 1 2 1 10 2 19 1 1 1 1 1 1 1 34 2 1 8 10 10 1 4 1 1 3 13 8 13 2 1 1 16 23 1 1 7 1 5 15 17 1 19 1 4 2 1 10 1 37 1 30 1 4 3 4 1 12 1 4 1 39 1 5 5 1 1 1 9 29 1 1 4 1 7922966.92589833 5.2004475457952425E7 8.690495751769568 0.0032989349883859207 0.0 
11 1 17 5 1 1 1 3 14 1 6 1 1 17 3 6 5 6 1 5 1 1 11 2 4 8 1 1 8 1 1 7 1 15 8 20 19 7 1 16 10 1 8 10 1 2 2 18 7 12 5 1 7 1 1 2 6 28 14 1 8 2 1 16 1 9 1 10 28 1 1 1 3 4 1 9 1 33 1 23 1 7679115.727524332 6.1097912864736445E7 8.48618357260981 0.0037193576685565725 0.0 
1 1 1 3 4 2 6 5 4 2 1 1 7 16 1 3 2 1 39 1 9 1 19 6 11 1 25 1 10 1 1 1 1 5 4 9 1 8 10 3 1 1 39 7 8 1 21 1 1 25 20 1 4 1 1 1 8 4 1 4 23 22 28 1 1 4 14 10 15 5 1 1 1 2 17 1 6 4 1 2 3 8739185.715429328 1.1032428514603001E8 7.260111155614993 0.0027876836497417214 0.0 
1 3 1 6 6 1 2 1 1 1 19 4 1 19 1 6 1 1 1 8 38 1 1 39 1 1 1 10 1 1 10 39 1 6 3 1 20 1 6 1 1 1 39 19 1 1 6 12 17 6 1 1 1 9 39 12 1 2 1 12 1 31 5 2 10 1 1 1 5 1 3 1 2 1 1 6 16 1 1 1 1 8305923.721254384 6.868568346119116E7 8.023272601854607 0.003065530978463355 0.0 
1 1 39 1 2 1 2 7 1 1 6 2 1 10 4 26 16 13 5 19 2 16 4 6 10 3 1 7 2 7 4 21 3 1 3 2 1 23 1 2 8 10 5 4 9 1 2 1 1 12 9 2 1 1 5 5 4 12 25 15 36 1 12 1 2 11 1 3 1 4 9 5 5 5 12 1 3 10 3 2 5 7326262.005394467 4.107963804566976E7 9.329022292490295 0.0043943423749339995 0.0 
3 1 9 1 3 1 1 1 1 1 1 8 1 16 1 1 1 1 1 7 1 1 1 8 1 2 8 1 1 25 6 5 1 2 6 18 13 1 1 1 10 39 18 1 1 2 9 10 24 8 1 1 1 10 1 25 3 3 1 1 39 8 3 1 1 10 29 19 1 3 12 9 1 3 15 1 1 16 4 18 6 8473559.739523664 1.0863793734234072E8 8.850716897838952 0.0026427216166302133 0.0 
5 1 1 14 6 1 8 1 6 1 1 10 6 1 33 6 2 1 1 1 17 11 1 39 1 1 1 1 1 1 9 20 4 1 1 2 13 1 2 13 26 5 32 6 8 2 20 5 19 14 26 8 1 1 1 1 1 1 3 3 5 15 6 5 1 3 11 1 22 1 11 14 1 1 4 4 4 1 1 1 7 7472812.803719774 5.118149897306598E7 9.78868897893321 0.0037527040082532058 0.0 
1 2 6 1 27 1 11 1 1 1 1 3 1 29 1 10 5 11 29 8 1 1 5 1 12 23 12 4 6 2 1 1 1 1 1 1 9 39 1 11 21 4 9 1 1 5 1 39 7 39 6 7 1 1 1 29 1 1 39 1 1 4 1 2 1 1 1 1 1 8 1 1 1 1 1 2 3 10 1 2 4 8103607.826306801 7.589662572659892E7 9.634589173572266 0.002921755940440851 0.0 
8 18 1 1 1 12 1 1 1 11 5 8 10 1 4 1 1 1 39 1 7 7 8 1 1 14 1 1 2 1 5 12 5 1 13 9 2 1 3 1 39 6 38 2 1 1 1 3 8 3 29 1 1 1 8 1 2 5 3 19 39 1 1 1 1 1 1 1 39 1 14 1 6 2 1 9 2 10 1 1 6 7696039.95859333 6.200689600634931E7 10.11372391916477 0.003130301521885863 0.0 
1 1 1 1 1 7 4 1 9 1 10 1 5 2 9 1 2 4 39 11 20 19 17 34 1 5 12 1 3 9 1 39 7 3 1 1 2 1 1 1 5 15 26 1 7 3 1 1 1 1 1 1 24 1 3 1 6 20 1 1 1 1 1 3 2 1 14 10 39 4 1 2 8 19 3 3 11 1 1 1 1 8513379.58339217 4.822948357860899E7 9.759357121578244 0.003306610446593132 0.0 
2 39 1 11 1 1 5 4 1 4 25 1 6 4 1 6 3 2 1 1 5 25 1 1 10 4 9 11 12 20 1 3 3 6 1 28 4 1 4 1 39 11 15 8 1 1 1 17 1 12 4 2 1 3 2 1 1 6 7 1 1 33 1 1 1 2 1 39 1 1 1 9 9 4 1 15 1 1 1 1 7 7859098.093613312 5.187611220659373E7 8.865604786819365 0.0033923154343107713 0.0 
4 2 1 13 1 5 7 1 1 1 1 5 1 39 1 3 1 2 15 2 5 2 19 1 4 12 1 4 4 39 29 1 3 1 10 29 6 5 1 2 9 29 5 1 1 4 2 1 37 22 3 4 14 2 1 1 12 4 18 2 12 1 24 3 1 1 1 1 12 1 4 1 3 3 1 1 1 7 1 4 1 8377356.003739492 7.945352949284513E7 8.156206071694738 0.002932341220505894 0.0 
3 39 7 9 4 1 1 8 3 1 7 1 11 1 1 1 1 12 6 1 14 1 1 1 16 6 1 5 13 12 14 13 17 18 6 11 3 11 1 2 7 5 15 7 1 1 7 1 5 1 1 1 1 1 1 4 1 5 8 10 8 12 7 3 9 1 6 21 9 11 12 1 2 20 14 4 2 5 10 15 1 7206369.755267905 4.922081668407951E7 10.88894878660329 0.004334437684081916 0.0 
11 2 6 1 2 8 1 1 1 1 1 1 12 5 5 10 1 14 1 13 1 31 1 12 1 6 3 1 1 3 1 1 1 1 2 9 2 31 5 4 4 8 1 1 8 8 10 1 37 1 12 1 28 1 1 8 14 1 1 4 1 11 1 2 21 4 17 1 5 1 1 1 3 7 17 1 1 23 9 1 36 8399348.773827836 1.3024549384805307E8 7.19442519750582 0.003504783587691704 0.0 
1 23 2 7 1 1 1 7 3 6 10 2 4 1 8 39 4 1 1 2 11 3 3 12 1 8 3 3 1 7 1 29 1 3 1 6 2 1 1 18 1 1 32 1 7 19 2 35 1 1 1 1 9 4 1 1 1 5 13 16 15 1 1 10 1 12 1 37 1 1 15 9 3 14 1 5 1 9 1 1 1 7441765.36551699 6.5597946015845396E7 8.056776614956659 0.003990979564814133 0.0 
1 39 3 18 5 1 9 1 3 1 1 1 21 1 8 1 1 2 1 20 11 9 17 19 1 6 12 4 3 31 1 9 7 3 1 1 3 1 16 4 15 17 3 6 1 1 1 14 1 8 5 7 1 1 1 1 5 3 1 2 31 1 1 1 1 1 1 2 39 1 3 22 1 3 4 1 2 18 1 5 7 8734354.691107491 8.313593552566256E7 8.323546986682263 0.002542232800392525 0.0 
1 1 1 3 11 6 1 2 1 7 13 1 1 12 1 21 1 1 1 1 5 24 1 27 7 6 3 3 4 14 1 1 9 22 16 35 1 1 1 3 15 1 1 3 1 1 2 9 3 6 1 1 9 1 1 1 1 4 1 10 1 13 39 2 1 16 39 7 39 4 3 6 1 1 5 8 7 4 1 1 1 8525106.275635453 9.151510884428582E7 8.059002376144146 0.0025686404458380606 0.0 
1 1 1 1 1 5 1 1 1 1 10 5 9 34 1 39 15 1 2 1 8 11 20 1 6 1 1 3 13 1 1 1 1 1 1 20 2 4 1 5 7 25 3 6 2 1 6 1 1 17 7 7 11 1 39 39 20 1 1 1 1 1 39 3 1 7 26 17 1 6 2 1 1 1 1 2 1 1 1 1 1 8779607.257866444 9.593631514709774E7 7.9379605714910175 0.0029708683807555493 0.0 
1 35 1 10 22 1 1 3 5 1 23 2 1 6 2 6 4 1 7 1 6 18 3 1 4 6 8 15 11 19 1 3 5 1 1 1 6 2 3 1 39 18 17 7 1 1 6 1 1 4 4 1 3 1 1 1 9 6 1 1 26 30 1 1 1 5 1 39 1 2 2 2 1 3 33 1 1 2 1 1 7 7636405.229488568 6.717796078444457E7 8.290887274749371 0.0034009503955957547 0.0 
1 39 1 6 1 1 17 1 5 1 1 5 1 39 9 8 1 1 1 1 2 1 1 1 1 1 11 1 1 39 1 1 7 1 6 39 1 12 1 1 8 3 17 1 5 9 9 1 30 1 15 1 1 1 3 1 1 10 18 1 25 2 39 2 1 1 7 6 1 1 1 1 7 1 1 4 1 1 10 4 1 9208754.733285591 1.1516752444850188E8 6.562496464059967 0.00266892466261543 0.0 
7 2 1 1 5 8 2 1 2 1 10 4 13 32 8 39 14 3 15 2 13 3 6 1 1 4 5 3 1 25 1 19 1 1 18 1 1 1 1 1 1 1 1 28 1 1 1 1 3 2 1 1 1 1 1 1 1 8 29 1 39 2 28 1 5 1 7 6 39 4 10 1 9 1 1 9 1 1 1 4 1 8504361.150604324 1.0312432561548148E8 7.94592296192962 0.0029907444877120466 0.0 
1 1 1 1 1 18 4 1 3 1 1 1 1 33 1 11 1 6 1 18 1 15 1 3 8 2 1 1 14 1 32 39 13 8 1 2 16 1 1 4 1 35 1 5 1 3 2 1 17 3 27 1 1 15 1 1 3 11 1 1 31 1 1 5 5 3 1 1 39 1 1 1 1 1 1 12 4 29 1 2 1 8243962.238672695 8.000617478186521E7 8.499095891231848 0.0028100817033401507 0.0 
2 1 1 1 3 2 1 7 1 1 1 1 4 39 7 31 1 6 37 1 1 2 26 19 1 14 1 5 1 14 3 33 13 1 19 1 4 1 1 7 29 15 14 2 2 1 1 3 10 1 7 1 2 1 1 1 1 1 39 1 1 10 4 12 6 1 7 1 1 5 1 14 1 2 5 7 1 1 1 8 1 8173652.030763856 6.900906961607678E7 9.068955364843914 0.002965602722073701 0.0 
1 7 1 1 1 1 12 1 5 1 1 6 1 3 20 1 1 4 1 4 10 8 1 1 11 1 2 17 9 39 1 7 5 2 1 32 9 1 1 1 1 15 1 1 7 1 1 1 39 8 33 1 2 1 1 11 1 1 1 8 19 1 19 1 4 1 31 33 1 3 1 1 2 29 1 1 3 1 1 1 7 7745249.567781225 6.269124939324699E7 8.080483463094772 0.0033133769359731647 0.0 
1 39 1 23 1 1 19 1 1 1 9 1 1 1 15 1 1 1 1 2 1 1 39 39 2 4 1 1 10 8 1 2 1 29 4 1 13 14 1 1 1 12 1 1 6 3 10 1 1 1 1 15 1 6 1 1 1 1 3 39 39 27 1 1 1 1 1 1 1 2 14 10 1 1 3 1 26 1 5 1 1 8475600.693178799 7.825299544003645E7 8.719821106197696 0.002790109950675709 0.0 
6 28 1 5 9 5 1 16 1 1 1 1 3 7 1 1 1 1 9 4 1 39 1 33 12 3 1 1 14 1 1 5 1 1 7 1 19 5 1 5 15 32 1 14 3 1 2 13 1 35 7 1 5 2 3 1 3 1 1 1 39 2 9 2 2 4 17 1 9 12 1 3 3 22 1 1 1 1 6 1 1 8070318.518078952 8.242570767747706E7 7.5169164768911285 0.0034865359982422946 0.0 
1 1 3 4 1 15 1 1 1 10 1 1 18 1 14 1 1 3 1 1 1 1 16 1 12 20 3 1 1 15 25 6 5 1 17 7 14 10 1 2 8 1 39 5 7 3 1 23 1 8 11 1 16 1 18 1 22 2 1 7 9 1 3 10 1 1 8 1 14 1 24 5 1 7 3 16 2 1 3 1 11 7653092.16346732 6.696288582118656E7 8.080500321486385 0.0038773236704333497 0.0 
1 7 5 1 1 1 1 1 1 7 1 17 1 29 3 1 4 1 15 37 6 16 1 7 1 21 1 1 1 39 2 34 2 1 9 1 8 3 5 2 2 2 1 2 12 1 9 1 39 10 1 39 1 1 1 1 2 19 11 1 1 1 1 1 1 4 6 6 2 1 1 4 7 2 7 1 13 25 4 2 1 8427993.573833551 7.634296676195608E7 8.363673676733832 0.0028747776515468974 0.0 
9 24 1 5 33 8 1 16 1 1 1 1 5 31 16 3 1 1 1 10 14 12 3 1 17 1 2 1 1 1 9 5 9 4 1 1 1 5 1 6 15 22 4 1 1 1 2 39 8 28 7 1 2 2 1 1 1 6 1 5 34 1 1 1 1 1 18 5 9 8 1 5 4 33 1 1 3 1 1 1 1 8584844.91475509 7.131234018218271E7 8.990046185419171 0.002642895350066592 0.0 
8 1 1 1 5 4 2 1 8 5 1 1 1 1 34 30 5 3 8 11 5 39 3 1 6 1 1 4 1 1 2 17 1 2 2 1 3 2 1 1 18 1 18 24 1 2 31 9 32 14 8 5 1 1 7 1 15 1 11 2 27 1 5 1 1 1 5 1 4 1 12 1 1 1 2 8 2 17 1 1 15 7853720.133147943 5.317091861003406E7 8.28925980980508 0.003358672004008055 0.0 
1 1 1 1 8 5 4 1 7 1 3 13 1 23 1 1 2 3 39 6 1 1 1 25 1 3 6 13 1 1 5 39 1 4 28 1 1 3 10 4 2 10 9 5 1 1 1 1 21 1 4 2 1 1 1 8 1 23 1 14 39 1 2 1 4 4 3 1 22 1 7 1 16 1 33 5 1 3 1 1 6 8051226.970123635 7.877851862092385E7 7.653723314832071 0.0034439991227416407 0.0 
4 3 1 1 1 4 6 1 1 5 8 1 3 8 17 19 2 1 39 8 1 1 1 33 7 9 1 1 6 2 12 3 2 10 1 19 3 5 9 2 1 1 31 1 1 8 11 24 1 3 1 1 3 25 39 15 9 1 1 3 1 9 1 2 1 6 4 26 6 5 2 1 14 4 5 1 4 1 1 2 2 8704324.557883345 8.453875201276064E7 8.154688195184228 0.0027608948357502093 0.0 
9 1 1 1 1 6 6 1 1 6 12 13 1 1 12 1 1 3 21 1 39 1 10 6 2 1 1 2 1 35 1 3 1 12 1 37 1 1 12 1 13 11 1 11 3 1 1 1 39 1 15 13 1 4 1 1 1 1 1 1 1 20 1 1 1 17 34 9 3 1 5 1 16 1 1 6 3 1 1 8 11 7796534.482790025 5.4689784835222974E7 9.642454630391605 0.003082329670260985 0.0 
13 1 1 1 9 16 23 5 3 6 1 1 1 1 1 12 1 1 7 1 1 1 1 1 8 17 2 31 16 1 1 1 8 1 4 1 17 19 8 3 2 2 20 2 12 1 1 10 5 1 11 13 2 2 13 12 1 22 1 13 3 1 4 3 6 1 10 39 39 2 3 1 1 1 7 1 9 8 1 1 1 8275209.645822858 6.539333994655587E7 10.783220078458633 0.002957658894096539 0.0 
1 4 12 1 5 1 1 1 2 1 1 3 1 1 1 1 11 4 1 7 1 1 4 1 3 6 1 1 39 39 5 7 1 1 2 4 1 11 13 20 39 1 4 12 23 1 2 6 39 35 1 39 7 2 1 1 1 1 22 11 1 5 7 1 1 1 1 1 1 1 1 1 1 1 1 11 1 18 3 10 8 9063085.552399103 8.566402952683397E7 10.030989528008138 0.0023450083587714075 0.0 
1 1 2 5 8 2 1 2 1 9 1 2 1 28 4 13 1 7 1 1 2 3 1 16 1 12 13 8 9 18 13 14 11 12 15 1 1 11 1 13 1 5 1 1 1 1 1 17 39 1 13 1 2 4 5 24 5 1 12 9 37 1 1 3 3 1 1 27 1 1 23 5 3 1 1 6 1 1 4 2 4 7541500.461396864 4.477661947659015E7 9.187847017451945 0.003609343614695483 0.0 
2 5 1 3 3 8 10 5 1 13 19 1 5 39 9 39 1 1 6 1 7 8 1 9 1 6 1 17 2 2 1 6 3 4 1 8 4 15 4 19 39 1 1 11 1 2 1 19 1 2 1 1 1 1 1 1 1 1 14 1 39 4 4 1 1 8 10 18 39 1 4 5 3 1 2 1 1 2 1 4 1 7680523.195074103 5.762909067892417E7 8.503066448542853 0.0038226737769711835 0.0 
4 1 4 10 1 1 1 5 1 1 5 1 8 1 1 10 1 9 28 3 11 1 2 1 11 1 1 13 9 15 28 1 12 31 1 1 1 1 19 1 30 39 3 9 1 1 5 12 1 7 1 9 20 13 1 24 7 1 1 10 1 1 5 24 3 1 1 1 1 5 1 11 6 8 2 4 1 1 1 7 1 7511634.7139011575 5.970762930573033E7 10.429956244387611 0.003430506894268211 0.0 
5 8 1 3 1 1 1 1 1 7 13 3 4 1 1 1 1 9 18 5 1 1 21 3 1 5 4 1 1 33 7 3 1 2 34 10 1 1 25 1 19 1 36 1 1 4 1 1 6 25 38 1 1 1 1 1 1 19 3 2 1 1 27 1 8 13 1 10 3 1 1 2 8 2 1 12 1 20 1 4 9 8269745.877960402 5.755647167567314E7 8.059222770003847 0.0032536834769647726 0.0 
2 39 1 19 1 1 29 1 7 1 8 10 2 1 20 1 8 2 1 2 2 10 2 39 5 2 1 1 1 1 4 11 5 9 8 1 1 2 1 1 3 1 22 7 1 6 1 1 1 1 1 4 1 8 21 1 6 1 1 39 39 39 1 1 1 5 1 1 1 2 8 9 4 3 1 1 21 1 1 3 1 8722310.27827973 7.513789995776391E7 8.014972505142769 0.002810119732355326 0.0 
1 14 5 4 1 26 1 1 1 6 6 21 6 1 1 3 1 1 39 1 10 12 16 1 2 3 1 1 4 1 1 39 2 11 1 1 38 1 2 7 1 20 1 1 1 1 1 1 25 4 32 1 1 1 1 1 7 23 1 1 8 1 1 1 1 1 1 18 39 1 1 1 8 3 1 1 1 25 1 1 1 9668461.508716939 8.372754488454954E7 8.451153819199641 0.0024120907655622833 0.0 
1 33 1 1 1 1 3 1 2 1 18 1 16 2 1 1 1 1 37 1 1 12 1 21 1 3 1 1 13 1 2 32 1 7 10 5 26 1 1 6 14 2 9 24 2 2 2 1 20 6 14 1 4 6 1 11 3 17 1 2 39 1 4 1 1 18 5 1 12 1 1 1 1 4 1 11 15 3 1 1 1 8384625.552668449 8.091542089990745E7 8.320194981491484 0.002787576467285507 0.0 
5 1 1 1 10 9 11 1 1 14 5 4 15 2 1 4 7 1 6 1 15 9 39 36 2 13 25 8 1 1 1 7 1 1 9 1 1 1 1 1 1 1 39 5 3 1 1 4 1 9 1 9 3 22 1 1 1 13 3 4 21 4 1 1 1 10 3 4 39 18 10 1 9 1 7 1 5 1 1 1 1 7669934.0514495615 6.808365144800442E7 10.740925661857142 0.003361517286827024 0.0 
2 1 1 1 6 1 24 2 1 1 4 1 1 12 1 18 1 1 6 3 1 12 1 5 1 1 1 11 1 1 32 29 11 23 4 1 1 1 14 5 39 1 1 1 1 13 6 2 1 17 4 1 1 1 7 8 1 33 1 1 39 12 6 1 8 1 6 1 39 2 1 1 1 14 1 1 11 1 1 1 1 8305691.061276329 6.360994043907889E7 9.096708898059623 0.00292270832611286 0.0 
2 1 1 1 1 4 9 1 2 1 1 1 1 15 1 3 1 2 32 7 8 16 1 25 1 11 1 1 1 39 12 1 5 1 3 29 6 4 12 1 8 13 8 1 3 11 2 1 29 5 1 1 3 1 39 9 5 16 1 11 8 1 1 2 1 6 8 1 9 8 1 1 3 1 1 7 15 6 2 14 1 8112674.849038732 7.156602381622535E7 8.880275645875987 0.0029384326068423866 0.0 
2 17 1 1 1 2 2 13 1 2 30 1 4 12 1 36 2 3 5 1 1 29 17 14 13 1 7 1 1 39 29 1 1 1 5 1 12 6 1 1 1 1 5 3 3 1 1 6 1 30 9 5 1 3 20 1 11 1 1 1 39 4 5 1 2 3 14 2 1 3 1 4 1 7 1 1 1 8 1 1 8 7350094.184277079 5.5123561546286024E7 8.957058921029533 0.003924369189803339 0.0 
4 1 5 6 1 5 21 4 1 5 25 4 8 12 2 39 4 1 13 1 12 24 1 1 1 1 6 1 11 1 14 8 1 1 4 28 1 1 7 3 5 1 10 4 3 1 3 27 1 6 1 7 5 1 15 6 10 39 1 19 1 5 33 1 3 1 1 1 3 2 1 1 2 1 12 1 6 1 1 2 3 7648379.450706374 7.156123890256204E7 8.122193724603074 0.0038628373772225085 0.0 
1 2 1 1 6 1 34 1 4 1 1 1 1 8 25 15 7 1 27 17 1 16 39 1 2 1 1 1 1 5 2 2 3 8 3 1 8 1 1 1 1 1 39 1 12 3 20 3 2 1 1 1 1 16 30 1 38 3 4 1 39 1 1 1 1 8 1 1 1 1 1 1 3 1 5 1 1 9 20 1 1 8371552.770386268 6.224831243654004E7 8.59890110358497 0.0029717256965699442 0.0 
5 29 1 1 1 1 3 6 1 1 1 24 1 1 8 26 1 11 23 1 27 2 16 2 5 2 1 2 14 6 4 8 1 1 13 2 2 1 1 1 4 13 16 1 1 1 7 1 15 1 18 1 4 6 23 16 21 1 11 2 1 2 21 1 6 4 1 1 11 1 1 3 8 4 1 8 1 21 1 1 5 7522535.036536935 3.924385336364045E7 8.781151389600428 0.004059336398093937 0.0 
1 6 1 1 2 11 1 1 1 6 1 9 1 37 1 1 1 1 3 14 6 1 4 1 5 2 1 1 2 39 2 13 8 3 7 30 1 3 3 4 1 6 5 1 5 1 4 25 29 24 31 2 17 6 29 1 1 5 1 18 1 1 1 2 2 1 1 5 1 2 1 7 14 1 1 15 1 21 1 1 1 7708994.039667443 5.6379562648140974E7 9.228770051754013 0.0033115466433834805 0.0 
1 1 1 1 1 4 1 1 1 5 1 3 11 11 1 5 1 1 14 20 1 12 1 39 1 1 1 6 1 32 21 1 1 1 1 1 18 1 1 2 1 39 6 12 1 1 1 4 39 1 1 1 1 29 1 5 2 11 1 2 21 1 22 1 1 1 12 19 29 1 8 1 1 2 3 14 2 1 6 1 1 8573886.125919132 8.671774238361444E7 8.750956468053037 0.002537478775134403 0.0 
3 2 11 5 5 8 2 1 5 1 8 1 1 13 1 39 1 17 1 10 1 28 1 1 7 1 6 3 1 1 7 1 1 2 19 24 1 1 1 1 14 1 1 15 1 1 1 12 8 1 11 3 2 1 18 1 11 13 5 25 1 11 30 1 1 10 1 11 39 3 13 1 3 6 1 6 1 1 1 2 2 8760361.347423479 1.303128384833778E8 6.966162802213444 0.003199054473854017 0.0 
1 1 1 1 1 1 29 1 1 1 1 1 14 4 1 25 4 1 39 1 4 16 1 26 4 10 1 2 27 13 4 1 1 10 1 1 1 1 1 2 17 11 12 1 1 1 1 1 1 5 30 1 3 1 4 7 1 4 1 3 39 7 1 1 4 2 1 1 39 1 11 1 16 16 4 1 19 1 1 2 1 8592217.195264885 5.9314298855543554E7 8.96236014174273 0.002950338209441073 0.0 
2 6 17 2 1 1 1 1 1 1 4 1 9 39 12 39 1 4 1 8 1 1 5 1 1 11 3 20 1 18 1 3 13 1 29 1 1 12 3 6 1 1 12 4 3 4 5 12 10 10 1 8 11 5 1 4 5 7 14 1 37 1 1 3 1 6 39 1 1 2 1 1 1 22 2 1 1 3 1 7 1 8108436.230634568 8.58327055354853E7 7.402498619557943 0.0035319167083695986 0.0 
1 3 1 20 1 7 13 1 5 5 1 8 1 39 2 20 1 8 14 5 1 1 1 1 4 1 1 5 1 18 1 1 2 1 1 39 13 7 1 1 1 39 1 2 1 1 6 6 39 1 1 1 14 8 19 3 1 1 1 2 1 2 4 1 10 16 12 23 14 10 2 1 1 3 3 15 1 4 1 1 5 8744254.066930585 1.3071573994493674E8 6.897777543144899 0.003484799574925087 0.0 
5 1 2 1 4 14 3 14 5 1 18 7 1 8 5 13 6 1 13 3 2 6 20 1 8 1 1 1 1 17 1 1 19 9 14 3 1 12 1 1 32 1 1 3 1 9 1 1 1 1 14 15 5 4 4 16 5 2 35 1 27 3 6 3 6 9 1 20 12 2 4 8 1 8 5 1 8 4 4 3 1 7531686.804847488 6.869669813063633E7 7.8336310275809184 0.004163426598895313 0.0 
1 8 14 4 1 12 1 2 3 13 1 13 1 5 5 1 1 1 39 1 1 13 39 4 6 1 1 1 1 39 4 9 1 7 1 24 1 1 8 2 30 6 39 1 1 2 4 20 35 1 1 1 1 1 6 14 1 3 9 3 1 17 2 4 1 1 3 10 1 1 5 3 5 1 1 1 1 4 3 3 1 7898898.189537721 5.233959406736524E7 8.558708524521462 0.003376330976097702 0.0 
12 1 1 3 5 1 1 6 9 1 1 1 1 1 28 1 5 4 8 2 1 35 3 15 6 7 20 6 4 4 8 1 3 2 2 1 1 12 1 4 1 2 1 1 3 1 23 25 32 20 2 13 1 1 1 1 15 1 8 2 39 13 5 1 5 12 2 1 3 4 6 1 6 1 14 1 6 22 8 1 10 7934975.8681832235 4.892974594995021E7 8.917178555958577 0.0038345531818173607 0.0 
6 1 1 1 1 1 7 3 5 8 1 10 1 14 1 1 6 1 1 15 1 1 1 8 2 7 1 1 2 39 2 5 3 2 9 39 2 5 1 3 9 39 1 1 2 1 9 14 39 1 1 24 1 13 6 16 3 5 4 5 5 2 2 1 1 2 25 4 1 3 34 8 5 5 2 1 1 23 1 2 3 8591838.831267664 1.0840648052388833E8 7.255396473646064 0.0034550260734330183 0.0 
2 1 1 1 1 3 9 6 1 21 1 23 1 1 2 1 1 4 4 1 1 1 1 9 1 4 1 27 17 8 6 4 1 6 1 1 1 1 1 15 1 1 13 5 3 1 25 3 34 1 1 11 4 39 31 2 1 1 33 2 1 1 6 4 4 1 34 1 37 1 1 1 7 2 1 1 1 7 5 1 12 8237958.088724398 5.4519306335424446E7 8.220870789631055 0.0034275464607913075 0.0 
5 1 1 1 9 9 1 3 1 29 7 11 6 1 3 7 4 1 1 12 23 1 1 33 1 5 1 8 2 3 1 1 1 3 29 2 1 1 3 1 39 2 1 9 1 1 1 19 3 1 35 1 1 16 1 1 3 8 18 1 39 17 1 2 9 7 1 1 35 1 4 4 3 1 8 2 1 1 2 1 1 8307380.934918207 9.995485389082198E7 8.036906234312255 0.0030149543464435672 0.0 
1 1 3 1 12 1 4 2 5 7 1 18 1 23 1 1 1 1 1 1 19 1 1 6 1 10 5 17 1 21 4 1 3 1 5 38 1 2 1 4 39 1 9 1 1 1 1 10 22 1 24 1 4 1 23 6 1 20 7 1 14 1 29 3 1 1 1 39 1 4 15 4 1 2 1 2 2 8 1 1 1 8265833.7201643875 7.910487823291503E7 7.607818038730311 0.0030908481882642312 0.0 
1 35 1 1 1 7 2 1 7 1 1 1 28 11 1 23 1 1 2 1 4 1 12 17 7 1 1 3 16 1 19 1 13 1 12 16 1 1 1 13 1 31 3 12 1 1 1 2 1 24 9 7 3 1 37 6 1 3 1 9 14 1 5 2 7 15 28 3 2 7 2 1 1 2 1 5 2 1 1 9 5 8048648.353168232 6.096026622163967E7 8.048363354470139 0.003452905272460173 0.0 
9 2 4 12 3 1 3 2 3 2 3 2 21 1 26 5 1 1 1 1 1 1 3 1 2 12 19 1 2 1 5 1 7 12 1 3 2 1 7 4 39 1 23 1 15 3 5 7 1 3 12 7 11 1 1 1 1 10 30 1 35 1 3 1 36 6 1 12 21 1 1 8 6 4 7 2 6 16 1 5 3 8808177.654342864 9.211455988128418E7 7.2504350434127165 0.0028485642296209733 0.0 
5 1 2 15 1 1 4 1 1 1 1 1 2 3 1 1 1 14 26 1 20 22 1 24 9 6 9 3 39 1 8 1 1 1 5 39 6 6 12 9 4 12 16 8 1 1 6 39 19 1 7 1 1 1 1 1 10 17 5 4 8 1 1 2 1 1 4 2 8 20 1 1 1 1 3 8 1 5 1 1 2 8211639.072257373 6.180094999453572E7 9.507998836620123 0.002977382360032695 0.0 
1 39 7 2 1 4 7 1 3 1 18 1 1 1 2 23 7 1 2 23 3 5 34 33 1 1 1 1 14 27 5 1 5 1 1 1 1 2 5 1 35 5 1 2 10 1 5 1 4 2 1 1 8 1 1 1 1 9 14 6 8 5 22 5 7 9 1 1 39 2 8 1 4 16 2 5 1 2 1 1 6 7714478.686238401 6.694051678959673E7 8.392690169222623 0.0035569297507388 0.0 
1 2 1 6 4 12 1 6 2 18 30 9 1 39 5 32 1 3 39 11 10 1 1 3 1 1 1 1 1 1 2 37 1 1 3 10 26 3 1 1 1 16 33 12 1 1 1 8 17 8 7 1 1 14 12 4 1 1 1 1 12 10 1 5 1 1 1 1 2 1 1 4 1 1 2 7 6 1 1 1 5 8160459.898029821 8.064323743429902E7 9.37733224918313 0.0029152748928039443 0.0 
1 1 1 1 1 1 25 1 20 1 1 4 12 39 1 4 1 1 1 1 1 4 5 11 9 6 9 1 1 39 1 1 1 1 12 10 10 1 12 2 1 3 3 1 10 9 1 1 32 7 1 19 1 1 3 13 1 1 15 7 31 1 39 14 1 10 9 1 1 1 1 1 1 1 1 13 5 10 1 1 1 8980626.651020087 1.0754735535058345E8 8.631085124027914 0.002446756640380849 0.0 
1 26 1 1 1 3 3 1 2 4 1 2 8 39 5 33 2 1 1 1 8 1 8 1 1 11 4 2 6 15 13 1 2 1 15 32 1 2 1 6 8 1 4 1 1 1 4 10 8 11 12 3 11 8 39 5 1 10 1 2 2 1 21 1 6 5 16 14 14 10 5 1 1 1 1 6 4 10 2 1 1 8251024.434316436 8.584271158417965E7 8.017673078513903 0.003155450635818735 0.0 
1 39 1 1 3 1 17 1 5 6 8 13 1 32 1 1 1 12 29 4 2 1 2 4 1 7 2 1 1 39 24 1 4 1 8 2 1 4 3 1 21 1 5 1 2 1 3 1 1 2 14 15 8 1 6 26 1 10 1 2 1 2 39 1 1 2 39 2 1 1 1 2 9 3 3 1 7 1 5 1 4 8537690.73978804 1.2527637315483062E8 6.934373529834182 0.003656153130170945 0.0 
1 30 1 8 1 1 3 7 1 7 3 2 5 1 11 1 4 1 1 1 10 1 7 4 1 21 1 1 13 16 34 1 19 2 4 1 2 7 1 16 1 6 33 1 7 17 6 39 1 1 1 31 10 22 1 1 4 1 8 1 7 1 1 12 1 4 4 8 1 1 4 8 12 11 1 1 5 8 1 1 1 7221082.882216638 6.615477622192921E7 9.622669399221449 0.003845170386826578 0.0 
15 1 1 1 5 3 7 1 1 7 25 1 4 1 12 1 1 1 20 1 15 3 4 39 1 5 5 2 1 1 7 9 1 12 6 34 1 1 1 5 39 11 1 11 2 1 1 1 31 1 9 1 1 1 1 1 1 2 2 14 1 19 4 1 4 23 3 19 3 1 1 1 13 1 1 16 1 14 1 8 6 7651802.562096563 5.2372503431481E7 8.722197969096367 0.003596195159709192 0.0 
1 4 1 1 1 16 9 1 3 1 1 2 11 23 1 1 1 6 4 1 1 5 1 9 7 1 1 7 13 17 1 15 1 4 6 28 23 4 1 6 1 1 3 1 3 1 1 1 23 3 39 1 3 1 1 1 13 26 1 1 16 17 4 4 4 1 1 1 39 1 18 1 1 4 4 21 1 32 1 1 2 8272811.345052599 8.350889758075055E7 7.607420554179428 0.003291184247787341 0.0 
3 1 1 1 7 3 5 1 1 1 29 2 13 38 1 39 1 6 4 3 2 17 2 7 7 9 1 3 8 17 1 1 1 2 28 3 1 1 1 2 16 11 1 1 1 1 5 12 15 6 30 1 3 1 1 7 1 4 1 1 5 29 1 1 4 1 1 3 39 1 5 2 13 17 4 6 2 1 8 1 1 8666186.274889423 9.943125844478111E7 7.124444786658612 0.0033030502274909125 0.0 
5 4 2 1 1 3 1 1 2 20 39 3 4 27 1 1 1 3 1 1 1 5 9 23 3 6 1 1 3 1 23 20 1 8 2 3 1 1 11 8 22 12 1 4 1 2 4 27 1 6 5 1 1 36 14 31 1 10 1 2 20 39 1 1 4 1 1 1 3 4 2 2 6 6 2 1 1 1 1 4 1 8463966.402397742 7.182788334358698E7 8.480020667387983 0.0028444974986988627 0.0 
1 35 9 1 3 1 2 1 4 1 1 1 26 4 7 1 1 1 1 1 10 6 18 1 1 3 16 3 6 31 2 1 7 1 3 21 4 1 7 2 15 39 31 5 1 1 1 1 17 5 4 10 1 10 1 1 27 1 1 1 39 1 1 2 1 1 9 2 1 1 1 19 1 5 4 1 1 17 1 1 6 9349688.684382925 1.2883239686624777E8 7.675894352731829 0.00245427787429625 0.0 
1 11 2 2 1 6 4 1 1 1 1 1 6 5 1 1 1 1 39 1 6 21 1 39 1 14 1 1 8 1 10 39 1 1 5 1 10 1 2 1 1 39 1 9 6 1 1 1 31 1 1 5 1 1 3 6 17 8 17 1 39 1 1 1 1 1 1 11 19 1 7 5 1 1 13 2 1 28 1 1 1 8056927.091803161 7.82960601462536E7 8.453065237712464 0.0029833090658018687 0.0 
1 1 1 2 1 1 3 1 1 7 7 1 10 1 2 16 1 1 1 1 13 11 33 39 3 7 1 1 1 3 14 4 1 1 6 1 1 13 1 3 1 1 38 1 8 5 2 36 11 39 24 11 2 1 3 1 1 1 1 1 39 7 1 4 1 3 1 5 18 19 19 5 2 3 1 1 1 1 2 1 3 8033941.040260637 5.176776753360781E7 9.546435733817944 0.0029850350607181293 0.0 
10 7 1 7 1 2 1 1 1 1 1 1 1 1 20 8 2 1 3 1 30 39 1 7 6 1 8 1 3 1 3 1 1 1 11 39 1 3 1 3 1 26 24 13 1 4 1 21 1 4 1 2 1 3 10 28 13 1 30 2 19 1 1 5 1 1 39 33 1 5 1 1 1 2 1 8 1 1 1 1 2 8058529.75474532 6.810512140082183E7 9.256379235044944 0.0030127718825568237 0.0 
8 1 2 12 2 4 5 1 1 4 11 4 5 1 7 8 1 5 20 1 17 3 24 1 1 10 6 4 1 3 2 4 9 1 5 16 1 17 2 2 35 3 39 1 1 7 1 26 1 1 4 1 1 1 3 4 2 1 7 16 9 1 2 3 1 1 21 21 39 8 1 1 1 7 8 8 1 1 10 6 1 7627600.382867292 5.996398672363052E7 8.68139841680668 0.0036549951262078604 0.0 
4 1 14 8 1 2 1 10 3 2 3 11 1 1 8 1 1 11 24 4 1 39 15 34 9 1 14 1 1 1 39 2 1 37 2 1 1 1 1 1 1 1 1 11 1 1 1 11 1 15 1 1 1 1 19 31 10 1 1 12 4 4 1 1 1 1 1 8 1 3 4 1 4 1 1 2 4 1 34 1 18 7612629.378010041 4.4387850573135726E7 9.10376975290069 0.003438486473727049 0.0 
#
