#
#   Running algorithm GDE3 on 20000000 nfe, with population size of 250.0, with de set to 0.9, 0.9, with 81 controls varying between 1.0 and 199.0 for cell (6,6).
3 6 1 179 3 8 13 6 1 1 1 11 2 3 5 38 1 1 11 1 1 4 23 1 80 4 1 5 1 5 1 12 42 1 40 1 5 11 1 1 121 26 55 3 11 9 1 86 1 1 20 3 32 10 5 6 1 115 1 32 1 1 19 54 6 54 1 1 2 10 11 11 1 1 1 1 1 4 57 6 15 8458973.027718898 8.944290696756071E7 7.439600876756958 0.002700352021543488 0.0 
2 1 1 41 4 39 9 1 7 1 1 63 1 6 3 75 1 13 1 19 1 1 73 13 43 4 3 10 1 20 5 11 144 1 16 1 1 6 44 1 71 1 10 1 1 20 15 53 1 10 1 97 1 1 1 9 6 91 1 1 2 5 4 7 3 4 2 1 7 20 1 50 16 1 14 5 81 29 21 5 1 8477000.552102597 9.879646655794874E7 7.436801096877858 0.0028453790611039633 0.0 
5 14 1 11 4 1 1 9 8 44 1 7 31 20 34 5 15 1 1 10 9 48 1 17 53 9 24 1 5 1 1 43 109 20 18 10 11 6 15 10 21 7 70 9 24 7 1 102 10 1 1 5 7 1 13 15 33 64 18 1 17 2 3 1 2 24 1 1 9 1 25 44 7 33 3 1 1 87 5 28 1 7589576.294028194 4.4684230641516805E7 9.314343227474883 0.003854191866357821 0.0 
1 1 1 1 5 1 1 9 21 1 2 62 1 1 29 95 14 14 1 8 3 25 1 18 25 1 1 13 33 105 1 1 199 1 31 42 2 6 1 1 101 1 1 1 3 44 1 199 1 1 7 1 7 18 2 8 1 46 8 1 1 1 1 1 2 1 1 1 14 1 8 36 8 1 5 1 1 19 1 7 9 8613912.968939818 6.520737304677431E7 8.213196186038195 0.00266503532117907 0.0 
14 8 1 57 3 11 15 62 1 6 43 54 14 120 1 48 12 10 1 33 6 8 9 20 7 1 2 4 28 1 8 21 1 1 1 16 8 1 7 9 81 9 1 6 1 1 1 101 2 11 2 1 4 29 1 1 62 26 9 67 8 1 1 1 4 4 1 1 18 46 1 22 10 42 3 3 8 25 16 7 5 9068405.819602234 8.934624281221132E7 6.877435873052115 0.0029057641708276996 0.0 
12 30 1 57 4 1 3 2 15 9 40 10 3 2 25 94 8 12 3 11 1 3 88 25 1 11 1 18 7 16 4 35 85 7 16 7 1 7 1 11 15 4 18 1 4 1 16 1 1 34 1 79 31 5 1 22 14 41 7 48 1 1 10 4 7 48 1 3 2 7 17 6 7 1 7 1 106 6 54 1 18 8543508.157122111 1.0579869825119582E8 6.735892969722544 0.003317557311002973 0.0 
1 1 1 1 7 1 4 1 1 34 1 7 1 1 65 29 6 13 1 1 2 44 86 1 15 1 15 18 22 15 2 1 12 1 14 10 1 1 1 12 160 1 42 1 3 199 9 74 1 12 26 93 44 1 5 5 7 13 1 28 16 1 1 9 2 1 4 1 1 20 55 1 2 13 2 1 1 1 46 1 4 8078709.25492792 6.276960121414592E7 8.575203192670422 0.002685171643813407 0.0 
7 1 8 13 12 27 1 8 9 1 3 37 1 1 1 1 1 13 19 1 15 1 1 4 9 1 22 1 1 3 18 1 93 1 31 1 5 1 1 29 178 20 19 9 17 10 11 126 13 1 137 35 14 6 1 12 84 1 6 4 5 17 4 11 1 5 27 1 6 10 1 1 1 2 11 7 4 11 109 1 2 8406695.5514535 5.966631748749462E7 8.768382685599803 0.0027751965211839998 0.0 
2 1 1 31 16 1 13 44 1 1 2 1 1 47 24 36 6 1 1 2 1 2 67 2 37 4 1 17 35 3 1 23 1 8 1 16 1 5 7 1 132 1 108 3 1 41 1 146 1 7 111 1 1 1 1 2 1 27 1 5 1 10 2 29 1 100 11 1 1 22 45 5 1 1 1 1 1 41 7 4 1 7968867.3415188035 6.249217574768577E7 8.13031231984639 0.0029595783120019924 0.0 
1 1 1 25 9 1 1 3 22 1 1 14 30 33 26 6 1 1 27 1 1 79 139 1 62 1 1 12 13 1 20 54 122 1 1 9 1 6 104 32 2 1 104 1 1 7 54 1 1 1 1 44 4 9 2 1 1 1 1 1 22 3 58 3 1 1 1 1 1 1 114 12 5 1 1 1 1 1 1 13 10 8633586.458661528 6.357656993410485E7 10.624697093408004 0.0023194206724032615 0.0 
3 1 3 35 7 1 1 1 3 1 1 38 15 7 11 11 10 12 12 13 18 1 76 4 28 31 7 1 2 11 9 1 25 1 2 34 2 1 6 2 199 22 20 4 1 1 1 92 1 24 43 14 16 18 9 21 4 40 19 54 1 1 6 29 6 7 1 39 10 7 7 1 10 6 1 1 71 11 64 5 12 7691456.717471278 4.381906819051953E7 9.010051040627562 0.0031184076448998667 0.0 
2 1 2 37 6 7 2 1 5 1 1 37 11 13 11 14 8 11 11 10 9 7 82 1 1 1 7 1 6 10 22 3 28 1 3 33 1 4 1 1 192 21 28 3 2 6 1 152 1 18 44 13 19 17 12 19 15 37 1 49 3 1 6 30 1 6 12 36 9 1 8 1 10 6 1 1 73 10 65 4 12 7633185.886143603 5.366531315298203E7 8.67333392102147 0.003148965003791323 0.0 
1 7 1 155 6 2 4 1 12 36 19 43 1 2 1 1 1 5 1 11 8 1 70 5 7 1 1 5 5 1 12 1 1 14 29 44 2 5 1 1 199 13 36 1 2 71 1 120 5 17 26 2 17 10 11 9 1 27 6 10 1 3 3 58 3 1 3 24 12 1 2 18 12 9 14 1 6 1 49 1 1 7955973.765593755 6.092463285330231E7 8.2233917780205 0.0031106161047896245 0.0 
5 1 1 25 1 1 1 11 21 1 29 17 1 64 2 15 16 2 6 1 1 40 14 3 15 6 10 26 22 55 1 1 155 2 1 4 7 1 26 15 16 56 26 1 19 1 8 4 1 9 1 156 30 4 1 11 1 20 17 17 1 1 76 61 1 1 1 2 12 18 69 17 1 1 1 1 7 17 19 1 3 7652280.74026066 6.3534070092958845E7 9.6549139262242 0.0029141094087476653 0.0 
1 4 1 159 3 9 10 1 19 1 28 23 1 29 1 1 1 3 10 1 1 1 1 1 86 1 1 1 16 14 13 13 62 1 9 34 1 13 1 1 1 49 48 1 7 7 14 28 1 1 1 5 48 14 1 1 1 142 11 38 4 1 67 101 6 46 17 5 1 1 22 1 11 1 11 1 1 1 26 1 17 7539344.389712918 6.469398197773119E7 8.587422824500104 0.003337881722106748 0.0 
4 16 9 34 6 1 5 1 21 1 17 13 1 1 46 1 1 5 9 1 1 1 1 1 1 7 1 7 36 4 13 18 41 1 10 66 8 1 91 7 131 1 18 10 1 1 18 145 11 76 8 10 51 15 1 4 3 1 1 22 22 1 1 4 1 3 21 29 36 46 53 56 1 1 1 6 9 1 1 8 1 8990565.235594839 9.105325940434948E7 7.7576663929164 0.0024931749265856367 0.0 
1 32 24 2 9 29 3 3 17 2 14 1 1 9 1 40 3 4 5 51 1 4 1 29 34 1 1 1 12 14 20 114 1 1 1 1 3 2 35 8 112 12 1 10 65 1 2 1 1 1 20 1 32 1 2 5 1 1 39 26 1 24 9 42 15 43 1 13 1 1 23 5 5 4 9 11 199 9 47 1 1 7953541.631896169 5.87999850432593E7 8.950513252768275 0.0031231796964498485 0.0 
4 2 1 26 9 9 2 10 10 42 14 1 6 28 36 1 3 5 6 2 1 199 1 1 1 12 1 1 1 11 1 4 199 1 1 6 1 8 7 25 14 47 1 1 1 13 15 13 23 1 77 1 1 1 6 1 49 17 43 9 15 1 31 1 1 14 1 1 1 69 26 1 3 30 1 1 1 1 33 11 50 7690830.637458088 5.283118341355764E7 9.598231018775705 0.0028512755956796817 0.0 
12 10 1 11 3 11 6 68 1 6 17 35 13 125 14 34 2 1 2 16 6 2 10 2 69 1 2 2 43 40 12 32 31 1 15 12 8 1 3 14 58 4 18 10 3 9 29 20 1 4 2 72 5 11 1 1 61 6 13 48 8 32 28 10 4 12 1 1 1 57 15 7 2 46 3 2 3 6 8 16 17 7941553.934488867 6.045361571086849E7 7.61679352797935 0.0035435184608428112 0.0 
3 5 2 1 1 22 1 9 23 1 33 3 31 10 77 1 6 1 31 1 15 38 1 1 6 1 91 3 5 1 30 28 1 20 25 1 10 1 71 9 1 19 58 11 7 74 1 1 21 15 9 94 1 3 1 1 1 1 12 10 8 1 11 103 3 9 7 54 1 27 38 1 1 18 2 2 50 1 6 1 3 8544062.2658352 6.267330510484058E7 7.757367050529912 0.0035095045253181337 0.0 
1 1 6 17 1 28 3 1 31 1 1 7 3 19 1 10 1 6 1 22 5 62 11 2 5 44 1 1 1 1 1 45 1 3 20 1 14 42 1 26 55 16 1 2 1 118 149 120 7 1 19 10 1 1 3 1 1 1 1 1 14 3 21 199 17 29 11 3 2 1 20 27 1 1 1 1 1 1 19 11 1 8199298.692313294 5.97901729834248E7 10.705967632202023 0.0025324087575663533 0.0 
5 29 12 93 1 24 43 6 15 7 57 1 2 1 9 28 14 28 1 5 13 117 23 1 5 1 5 1 1 1 36 12 113 8 9 7 1 35 1 10 1 7 20 1 1 1 1 1 7 11 1 47 1 1 1 13 14 1 4 36 18 9 13 1 1 1 1 1 1 6 25 5 1 16 68 4 199 3 7 1 5 8480806.734430345 8.964398957680973E7 8.087633718300681 0.0025238649236767616 0.0 
14 1 1 1 1 10 1 9 18 3 10 15 1 33 1 55 10 1 1 9 9 36 69 1 53 2 97 17 81 1 4 31 1 24 5 1 1 1 26 34 1 22 1 11 1 1 51 24 4 12 110 1 4 12 1 17 56 35 1 1 49 4 69 73 5 1 1 17 1 35 16 1 2 1 1 1 1 6 1 1 1 8142971.073522346 6.6529939928016245E7 7.843683672403331 0.0031831536216669234 0.0 
1 1 1 8 14 1 1 10 1 32 10 36 19 1 14 53 3 1 1 1 1 1 98 38 34 1 11 7 1 93 9 10 199 1 25 1 2 7 8 1 95 9 1 1 1 8 45 199 1 8 1 8 1 9 1 16 1 26 9 8 1 6 11 1 1 1 4 2 1 27 38 20 2 1 1 2 1 20 6 7 3 8325474.828738728 6.228182693983798E7 8.847738851207657 0.002564796801747728 0.0 
1 11 4 46 83 1 1 1 8 1 1 15 26 1 1 1 1 4 1 1 12 20 36 10 8 51 1 5 1 1 1 19 14 3 106 6 9 11 8 26 1 29 12 7 1 5 5 196 1 1 47 1 40 1 1 1 4 1 3 1 122 1 41 48 3 23 1 40 14 1 1 1 1 9 22 1 75 5 1 1 1 8717008.233569546 9.262005728592291E7 8.078618741697134 0.002195317555843321 0.0 
1 1 1 65 11 1 20 44 1 1 5 34 1 56 40 1 1 1 7 14 1 1 5 1 1 1 1 11 1 1 1 14 1 8 5 8 1 5 7 4 168 1 36 1 1 48 1 199 1 7 89 8 1 7 1 7 9 1 1 11 3 1 1 42 1 100 15 13 11 47 13 13 1 1 12 2 24 54 1 7 1 8539442.210224276 8.211240425346598E7 7.8626296194803 0.002573312108205828 0.0 
1 1 16 50 1 26 1 1 20 1 1 6 9 13 36 41 9 3 1 35 11 59 1 1 13 1 1 12 13 1 3 27 1 1 53 9 20 46 1 21 2 7 1 6 1 16 147 1 1 14 6 2 22 1 14 1 1 1 1 18 8 18 1 199 1 183 21 1 24 9 4 1 1 1 1 1 1 1 18 3 1 8634251.325448705 1.07635290824904E8 8.153418879068758 0.002416805854024451 0.0 
1 95 1 78 6 3 9 4 3 4 3 14 26 1 33 1 30 21 6 7 24 1 47 18 19 5 4 15 77 1 14 75 1 1 1 6 27 1 5 1 1 1 26 6 24 1 36 187 13 8 83 1 1 12 1 7 2 54 1 1 5 17 1 1 6 1 1 11 45 1 1 1 3 1 1 1 1 63 4 13 11 8234716.408190895 9.475215095462982E7 7.645332426840103 0.0028979334665489884 0.0 
1 1 1 29 16 47 1 9 16 34 10 12 1 1 5 29 1 1 13 6 2 23 80 35 1 1 21 13 32 14 11 4 12 1 11 10 1 6 1 7 1 8 133 1 17 28 102 117 5 9 88 43 9 10 1 1 1 33 1 1 1 4 10 5 1 1 17 1 1 21 34 1 1 1 1 1 63 1 47 1 7 7851033.941390698 8.122321392549369E7 7.432592731364006 0.003226964507839487 0.0 
15 57 1 1 10 10 1 1 8 9 8 15 1 1 12 1 1 11 42 28 19 1 91 6 32 37 1 3 1 1 39 3 59 1 32 11 19 19 1 1 94 13 72 2 20 59 1 1 19 1 4 5 22 8 3 3 1 103 5 1 1 9 3 14 9 1 2 31 62 9 21 1 5 1 9 4 7 76 1 19 1 7828682.224632386 8.154455678769454E7 7.731221350386873 0.003184420363821437 0.0 
10 1 1 15 1 1 18 12 1 53 9 1 41 1 1 1 7 1 1 2 1 1 21 21 20 42 11 4 38 78 1 111 44 13 34 3 12 1 8 1 1 1 3 2 1 150 52 1 17 59 66 45 1 17 12 24 1 1 11 1 1 40 1 46 8 8 3 6 3 20 1 5 1 38 1 1 1 1 5 12 24 7592891.263982597 5.376365525625235E7 9.813222961327766 0.002990236411389601 0.0 
1 1 1 88 1 1 10 1 4 1 21 37 1 11 21 1 7 1 10 14 1 1 63 2 59 1 4 1 5 1 6 7 104 1 7 4 2 1 1 6 135 2 29 1 7 10 1 120 1 1 1 13 25 9 1 21 10 63 6 27 5 3 4 35 3 1 6 22 12 29 12 10 11 2 14 2 87 18 72 5 2 8565187.19597633 8.884606361611712E7 7.402731850445077 0.0027426745075868333 0.0 
12 10 1 7 5 11 3 67 6 19 17 15 13 58 41 4 2 6 2 16 1 2 13 2 39 1 2 8 58 42 20 33 59 1 18 12 9 1 3 3 62 9 1 19 3 9 6 18 1 13 6 91 6 12 1 1 61 1 18 44 3 34 28 10 1 11 15 16 1 61 14 4 2 46 3 4 42 6 8 15 11 7471158.33588085 6.947935968833765E7 7.864564665567004 0.004058376315907861 0.0 
1 1 1 48 1 19 1 1 23 15 13 1 1 29 26 18 12 3 1 8 13 9 1 1 10 2 35 8 68 7 1 12 117 1 15 9 2 23 2 2 15 16 43 1 1 157 10 132 1 25 50 1 1 1 4 1 53 22 3 28 8 1 1 35 1 4 1 12 16 39 28 15 9 1 5 1 15 1 1 3 18 7509333.369233862 7.347296180078052E7 9.317911262198008 0.003061211581596994 0.0 
8 7 5 62 6 1 5 1 6 1 13 16 3 16 3 1 7 4 5 1 1 1 19 53 3 5 4 1 44 19 1 13 1 2 11 4 11 3 9 9 23 28 18 5 7 16 1 195 1 1 28 45 110 8 2 6 12 12 21 17 9 1 3 1 32 6 25 22 21 30 1 41 3 10 16 7 104 1 77 1 9 8637359.99493815 1.0478003295960568E8 7.6068671481609105 0.0026303735508832913 0.0 
2 1 1 54 11 1 2 17 14 1 12 47 64 6 5 30 19 1 1 52 4 7 1 2 4 4 12 34 38 85 9 10 187 1 45 1 1 1 17 1 31 13 21 1 3 114 6 40 1 8 1 1 19 13 6 5 1 23 5 25 5 1 3 43 1 6 15 3 1 1 18 18 2 3 1 1 1 4 59 2 1 7418457.130893433 7.771364247789463E7 9.314602486594078 0.0033002812757012287 0.0 
14 23 4 1 1 2 1 1 26 9 42 1 1 1 10 81 1 2 13 1 1 126 39 1 1 1 6 3 25 1 1 52 1 11 5 1 1 37 1 20 1 29 2 1 22 130 1 71 13 9 28 199 1 1 1 24 1 1 1 1 16 4 1 1 1 106 8 1 7 19 40 1 2 1 2 5 1 2 17 1 1 8201200.693788743 5.694240621411287E7 7.929403388284433 0.002858974632269884 0.0 
4 1 17 1 7 1 1 1 1 1 2 1 20 8 43 1 1 5 6 1 18 61 34 9 3 31 71 7 1 21 13 1 23 1 4 31 1 1 45 6 166 20 1 4 11 199 1 1 1 48 43 26 1 9 14 7 19 36 10 80 1 1 14 26 5 10 1 20 1 5 17 9 1 13 1 9 1 1 1 1 4 8559628.081578802 8.026749676136525E7 9.401558923580094 0.002496720491744142 0.0 
26 1 18 1 1 6 2 4 50 1 30 42 1 4 1 61 11 1 1 27 1 13 1 1 19 1 86 1 1 28 7 27 1 22 1 11 8 41 1 8 17 9 15 1 1 1 9 199 1 4 1 40 1 5 6 17 15 48 11 1 1 11 61 86 1 26 9 1 32 22 52 5 13 1 1 1 1 21 6 1 7 7654382.94052938 5.789088699531997E7 8.597030718438544 0.003273910552763217 0.0 
2 11 1 39 8 10 1 1 10 9 1 34 1 13 4 1 4 2 5 1 1 1 83 19 4 11 60 1 3 1 1 8 4 1 1 11 19 5 1 1 55 3 40 7 17 1 3 176 2 1 31 1 113 19 1 6 10 2 25 26 19 3 4 1 26 1 34 7 11 45 6 92 3 12 16 6 7 76 14 2 13 7976091.427833118 8.978437992441526E7 7.366259763636533 0.0032085842050736755 0.0 
15 12 1 120 18 1 1 1 10 1 5 1 98 1 62 1 7 1 1 3 1 1 99 6 3 1 1 10 2 19 27 105 21 17 1 12 4 8 26 2 193 1 1 18 67 1 1 1 1 1 1 1 50 2 48 8 1 1 40 36 17 26 1 1 15 1 30 12 1 1 11 1 4 1 17 8 1 1 1 1 5 8429734.041385923 6.300865679443631E7 9.563160637468746 0.0024939289933142883 0.0 
1 4 1 1 4 1 16 1 2 4 15 15 38 1 87 1 10 4 21 1 12 1 5 1 4 18 24 5 3 13 37 1 164 6 1 2 1 1 1 1 1 15 54 11 4 120 1 199 4 1 7 1 84 11 1 1 10 15 3 14 1 1 80 56 3 7 7 1 1 57 28 1 1 7 1 1 1 1 1 1 5 8280633.035673328 6.468861213478751E7 7.484191607421214 0.002746035927744213 0.0 
12 46 1 6 11 28 1 32 17 6 1 26 1 75 1 1 11 1 1 5 1 52 2 1 22 18 1 16 75 44 1 10 155 8 1 1 17 1 28 2 39 14 36 2 13 1 1 1 1 1 18 11 10 37 12 28 10 38 19 2 1 3 76 1 17 1 1 8 1 1 61 30 5 14 25 1 1 14 20 5 1 7233709.015741269 6.040597444940958E7 9.483259933864865 0.0034947239081619457 0.0 
2 1 1 49 11 1 1 3 18 2 8 52 71 4 25 1 24 12 2 58 1 1 15 1 1 1 18 12 35 61 1 15 199 1 42 1 1 18 18 5 53 12 25 1 54 82 1 1 1 92 1 1 20 14 1 5 1 25 1 51 7 1 1 33 1 2 11 1 1 9 18 14 1 1 1 1 1 6 1 1 1 8685490.92754407 8.04614184617915E7 7.981463198538223 0.0024665752109940473 0.0 
8 1 1 15 2 10 20 16 3 26 9 1 7 19 1 51 7 6 1 1 20 59 7 1 31 1 15 1 50 40 1 43 166 18 34 1 12 25 7 2 13 1 7 1 1 97 73 1 1 17 66 45 1 17 12 11 1 1 9 1 23 3 2 90 1 1 1 15 6 15 10 5 1 20 1 1 1 1 1 22 21 7455916.773882762 6.089012805242505E7 10.59404410615816 0.0031282341643103086 0.0 
4 1 1 14 4 10 5 22 3 16 36 1 17 1 4 50 1 1 14 54 18 59 5 5 31 40 5 10 4 12 1 1 107 1 63 3 4 11 4 1 11 8 12 4 20 8 11 76 7 50 26 73 1 5 8 16 28 2 12 40 1 18 35 41 5 27 1 3 3 39 3 5 4 26 3 8 4 14 28 1 2 7384220.778721241 3.977743430360953E7 9.11303195176666 0.0038582440768483457 0.0 
43 7 2 37 1 1 13 1 5 7 48 30 26 10 14 31 8 9 10 11 16 57 61 13 9 7 1 1 1 2 5 84 1 5 5 1 1 1 1 1 1 1 52 2 4 41 1 36 1 1 1 92 1 15 11 41 1 100 38 71 14 24 9 22 5 1 3 4 29 1 4 1 9 3 1 4 6 43 49 16 5 7324319.6532643605 4.48857968237954E7 10.559518619195135 0.0036800138990825963 0.0 
9 18 13 94 1 8 4 2 9 1 1 11 1 1 36 1 13 1 1 12 1 1 8 1 33 1 2 5 1 1 19 48 69 1 86 10 3 32 1 1 9 8 5 1 1 51 1 199 3 11 6 53 40 13 1 7 1 59 10 1 1 23 1 49 1 35 12 1 6 49 5 20 14 4 3 1 1 1 43 3 33 8046736.095557251 8.059463152492237E7 7.7757736706240745 0.0032899929462392482 0.0 
1 1 1 25 9 1 1 1 23 199 1 1 3 1 15 28 1 1 1 1 1 79 1 1 1 10 3 14 1 1 12 42 199 1 1 84 1 1 93 32 27 1 52 1 1 4 19 1 1 1 1 82 14 2 1 1 1 19 1 1 16 1 56 1 1 1 1 1 1 1 80 13 5 1 1 1 1 1 21 1 1 8912586.824792024 1.0715786500493437E8 8.539697633037504 0.0021160992011279413 0.0 
1 1 2 71 2 1 9 1 1 2 31 39 5 1 1 13 1 19 4 15 1 10 98 1 34 2 2 2 1 4 29 10 49 1 10 12 1 1 1 1 76 1 125 1 5 8 5 63 4 9 17 86 7 10 4 22 2 100 8 20 23 4 9 14 2 4 1 19 12 17 4 16 7 2 1 9 1 19 113 5 6 8321114.1351201935 9.213304800919119E7 7.9457247365601615 0.0025963375314157658 0.0 
1 1 13 44 1 1 1 1 23 1 40 15 2 11 4 39 11 1 2 1 1 79 1 1 2 1 53 11 62 41 2 9 76 2 23 1 1 25 27 18 64 20 49 4 2 90 26 7 3 45 2 82 8 6 1 1 2 8 2 10 29 1 21 85 1 1 1 1 25 3 22 1 1 1 1 6 1 2 38 4 5 7823918.501984762 5.3562479565279126E7 9.068703081513945 0.0029053848538021917 0.0 
2 92 5 1 9 1 2 45 1 31 8 1 10 1 28 1 5 9 12 2 1 196 1 1 1 12 1 1 41 6 1 59 199 1 11 1 3 11 1 1 8 24 5 1 22 1 15 1 19 1 1 1 1 5 6 1 33 1 68 1 1 21 31 1 1 19 1 3 4 37 5 4 4 70 3 5 19 4 5 11 46 8433621.869601302 1.240671346958376E8 7.155722556693483 0.0030394823186834182 0.0 
29 3 1 7 9 21 6 1 1 1 51 1 1 25 2 1 20 8 16 14 3 119 18 2 1 15 1 29 74 1 12 1 199 1 1 2 2 39 15 27 1 1 73 1 43 1 24 1 1 5 16 28 17 19 1 1 13 77 4 56 1 8 28 18 9 10 11 15 7 12 5 19 4 1 3 5 1 29 1 8 1 7639228.874310764 6.918150623065643E7 8.28395674784442 0.0032299351845144026 0.0 
12 30 1 57 4 1 3 2 16 9 40 10 1 2 25 94 6 12 3 9 1 9 93 2 45 11 1 3 7 16 24 35 85 1 16 9 1 7 1 3 15 4 25 1 4 1 16 11 1 17 1 79 31 5 4 22 2 41 4 45 1 2 10 4 1 43 13 3 2 14 17 6 7 1 1 1 106 6 54 1 18 8784979.922845015 9.219745331305873E7 6.861204356136159 0.003153021275599105 0.0 
4 11 5 14 11 85 5 19 7 8 2 15 17 1 1 13 2 3 1 52 26 30 1 1 39 3 4 6 1 1 6 13 50 1 84 9 6 59 3 5 24 1 22 12 5 34 1 20 20 1 140 22 1 13 8 7 45 1 4 1 1 17 1 42 8 26 1 27 5 71 5 14 13 29 5 8 31 4 4 4 2 8497953.935189564 1.0852060611962366E8 7.0324349000550495 0.0034024870738516674 0.0 
16 1 11 1 1 1 1 45 18 22 22 28 45 1 1 37 8 1 17 1 15 1 1 13 43 1 8 8 19 56 7 12 1 1 1 1 2 1 2 1 199 12 36 2 1 1 1 1 9 12 1 41 7 19 2 5 52 1 39 21 11 47 16 39 1 50 5 10 29 1 9 10 1 45 1 1 1 5 48 13 41 7391242.731703582 4.319569442035688E7 9.415904547568584 0.0036135392393994697 0.0 
24 4 21 1 9 5 1 6 13 44 1 88 6 19 1 1 1 3 1 1 1 6 1 60 16 22 1 1 1 30 1 13 16 1 53 8 11 1 1 2 1 49 86 4 83 7 1 1 13 1 1 1 35 1 1 1 11 142 18 1 35 1 1 1 3 28 19 1 17 1 21 116 3 52 11 1 1 1 26 1 24 8134815.918484528 9.10513334375298E7 8.126613254560562 0.002699163600128591 0.0 
1 1 1 94 1 18 12 1 24 1 21 1 1 26 23 8 17 13 4 26 1 15 1 1 64 2 25 30 45 24 1 12 111 1 1 14 1 48 15 2 1 1 19 1 6 1 9 1 1 21 45 8 23 4 3 21 11 117 1 41 1 1 1 28 1 1 1 26 7 85 49 28 23 1 4 2 1 18 1 1 1 7480284.741443987 5.2807260175635345E7 9.227831064857336 0.0036663710495406393 0.0 
16 44 6 35 1 1 19 1 27 1 51 1 1 21 4 1 34 1 1 1 25 27 65 18 1 40 1 1 2 1 12 1 100 45 2 1 1 1 17 10 41 16 10 4 1 10 3 1 9 1 28 54 11 18 6 24 27 1 14 47 4 1 5 56 25 1 18 31 23 44 25 2 1 26 1 7 1 61 1 30 2 7298494.4609863 5.067752689539979E7 9.976705386005179 0.0033646299389232005 0.0 
13 6 5 11 2 4 5 1 22 4 74 1 4 1 49 12 21 1 1 11 1 1 9 28 12 98 2 3 1 93 3 31 6 48 2 2 1 13 55 15 11 8 1 3 1 76 77 1 9 13 8 46 1 13 5 11 27 1 9 51 1 9 1 6 11 1 4 90 1 47 15 8 3 54 1 6 7 1 3 19 3 7875427.060806606 6.081688946017366E7 7.644965456910188 0.0036359811615005147 0.0 
1 4 1 13 6 1 12 1 23 25 18 19 6 1 59 1 1 4 11 1 1 64 1 1 8 1 3 1 13 95 42 2 130 1 40 21 1 47 33 16 1 1 35 4 1 22 17 1 22 30 11 1 37 31 1 16 38 7 13 2 31 1 1 88 3 1 3 1 1 46 47 15 7 7 1 8 1 1 1 24 21 7268214.405200763 5.3508638817143224E7 9.995592035706022 0.003605795994059566 0.0 
1 13 1 50 2 1 18 9 1 1 1 1 21 10 83 1 7 2 1 1 4 41 105 3 1 1 1 1 1 5 16 1 6 10 11 9 9 1 1 1 1 11 15 4 1 22 17 72 1 2 42 1 46 1 3 1 1 8 2 26 21 7 55 121 1 133 27 1 2 1 30 14 8 6 1 1 157 1 1 1 1 8598831.568942932 1.2452598093340243E8 7.818762762949811 0.0023153524212084237 0.0 
1 1 8 72 36 7 4 1 4 1 29 8 18 26 40 1 3 1 16 1 1 154 16 1 1 41 31 1 1 1 10 60 4 1 1 1 1 1 1 10 98 1 61 25 1 4 1 1 1 76 24 1 111 6 2 1 1 18 19 32 23 1 3 1 17 1 15 1 1 1 72 66 1 1 32 4 1 1 11 1 1 8455255.184985543 7.631354938962868E7 9.907666965484411 0.0024495952054520397 0.0 
14 1 10 37 26 1 1 1 1 4 1 21 1 1 28 46 9 1 1 3 1 1 114 11 95 1 1 1 1 1 56 6 1 13 14 17 4 1 6 1 166 1 27 9 1 12 1 1 6 7 1 1 45 22 3 10 1 50 6 18 46 2 3 11 1 49 50 31 1 1 21 1 1 7 1 15 148 8 1 13 1 8314946.2449283125 7.531894794735041E7 9.406914998765995 0.002524415386941511 0.0 
6 9 2 20 2 1 41 17 15 24 38 15 1 10 1 81 6 1 1 90 6 63 2 1 33 1 52 1 30 1 4 21 52 15 27 10 4 9 4 1 27 1 38 1 1 5 1 20 17 36 2 63 19 7 9 22 28 59 6 1 6 28 40 24 1 6 10 5 3 31 2 9 3 24 4 5 1 8 33 6 1 7217414.622779807 3.963370856027968E7 10.068292795554719 0.003953218429627492 0.0 
2 6 1 52 2 2 5 5 6 1 1 28 1 81 13 9 15 1 6 1 5 1 153 8 34 4 8 5 40 7 22 24 55 1 7 26 8 1 10 1 149 15 32 2 1 13 1 71 4 1 6 1 42 1 1 5 2 7 1 29 19 2 2 25 5 50 12 5 1 26 14 1 5 6 19 1 87 1 15 3 17 8410625.67562846 1.2476601902573946E8 7.108956755913134 0.002880210715825741 0.0 
19 66 6 1 3 1 1 22 1 1 1 24 28 1 10 49 18 2 1 3 14 12 23 1 76 20 26 1 1 1 1 31 1 23 29 1 10 1 20 1 172 1 5 11 1 9 1 77 1 18 43 1 3 1 17 26 39 19 3 22 1 1 1 1 5 38 5 6 3 58 3 58 7 29 10 3 1 35 1 31 7 7444468.660243053 3.7190915224805094E7 10.23899822169307 0.003205628316576279 0.0 
5 23 1 22 9 1 1 4 2 17 1 1 35 61 16 1 13 2 1 1 6 1 36 1 75 1 35 1 35 12 1 38 1 1 1 9 1 18 37 3 158 1 6 4 1 188 1 1 1 22 78 1 1 13 4 10 25 1 1 38 21 1 83 3 16 11 13 1 1 1 14 5 5 4 1 11 1 4 1 37 15 7990505.259642111 4.767495188794761E7 8.912060538886463 0.0032163221433266424 0.0 
4 10 6 39 2 32 7 20 1 97 4 33 4 47 44 13 1 6 14 3 3 103 1 4 1 5 1 5 21 6 6 17 199 1 9 54 2 7 3 2 1 4 35 6 1 1 1 191 7 12 1 1 28 1 1 1 14 24 1 45 13 8 1 1 1 1 11 1 15 32 1 7 9 4 15 1 1 1 4 4 3 9030828.789786994 8.344359623729287E7 7.649041259784207 0.002530274609378895 0.0 
2 97 10 35 5 26 12 1 1 1 1 3 29 1 37 1 13 13 9 9 24 7 39 21 4 33 1 17 40 1 16 39 1 17 2 6 17 2 5 1 18 16 24 14 13 1 39 179 18 11 100 1 5 8 9 6 5 38 10 5 4 8 2 1 10 14 6 9 44 11 25 10 13 1 4 1 1 50 1 17 7 7709170.456846916 5.745364788537816E7 8.328872243115692 0.003719069194726719 0.0 
2 9 1 39 2 29 5 4 1 1 14 1 5 90 43 11 6 1 1 14 1 1 57 3 88 6 1 6 6 3 17 31 199 1 1 10 1 1 31 1 199 1 1 18 1 1 1 1 1 9 6 1 10 1 52 21 6 1 1 33 8 9 1 11 1 75 7 1 1 4 16 45 3 26 7 11 1 1 1 19 1 7886493.15520938 5.480316912935709E7 9.414190301550006 0.0028120442949262775 0.0 
23 1 12 12 1 1 1 1 18 7 1 3 33 1 21 1 2 1 1 1 15 80 34 1 1 35 1 1 8 1 1 48 69 6 1 28 10 14 9 20 8 8 29 12 1 51 1 2 3 31 105 110 83 2 3 1 1 1 5 12 12 6 1 133 4 35 5 1 6 45 28 8 1 4 1 1 1 6 49 1 3 8088985.348147975 5.066218284653138E7 9.477665587979999 0.002891002853969415 0.0 
1 26 1 1 4 7 41 7 19 1 4 17 5 1 29 1 3 14 5 8 1 16 1 1 47 1 5 16 1 4 22 10 97 5 1 11 1 10 67 8 117 1 1 1 3 44 20 8 19 8 12 119 1 18 17 21 1 19 16 1 14 23 1 1 8 1 1 50 20 38 56 36 9 34 2 2 1 11 49 4 9 7760329.899076654 5.943147093791873E7 8.353843197691338 0.0033707256525558373 0.0 
2 5 1 46 2 8 11 5 5 2 1 2 27 19 34 1 3 2 3 1 5 1 173 1 4 1 1 1 2 1 5 8 11 10 12 17 20 1 1 1 97 47 43 3 1 21 19 119 1 2 56 1 33 5 3 2 3 9 1 18 17 7 55 19 1 136 34 3 1 17 6 8 8 1 8 1 1 66 1 4 4 8076136.616008159 5.035564655596023E7 9.1247710441453 0.0031078128439257645 0.0 
13 1 22 1 18 33 1 7 3 1 1 34 37 81 1 18 3 1 2 1 1 16 1 30 1 15 23 16 15 16 1 1 104 1 1 9 3 1 1 2 70 4 1 3 1 43 1 199 2 8 5 27 12 1 1 14 7 54 24 56 5 1 25 1 4 1 15 11 11 1 1 4 2 4 40 7 26 79 1 1 21 7963871.436609549 6.2092028750736944E7 8.431676551848225 0.0028243745270761242 0.0 
14 1 1 7 1 3 9 7 5 16 12 7 1 16 23 87 20 10 18 1 2 77 18 20 19 6 76 12 36 1 9 32 103 1 10 1 1 2 41 1 16 13 1 16 24 163 1 1 1 19 1 12 1 4 5 7 25 103 11 36 1 1 4 1 1 5 1 8 6 21 11 9 1 12 1 10 7 38 8 1 17 8115335.967388396 7.013741620412289E7 8.065871027329694 0.003176850727776682 0.0 
1 121 13 12 1 33 7 26 1 4 36 1 113 1 2 6 6 1 1 1 1 1 1 1 26 12 7 14 82 1 23 75 30 50 30 5 1 1 1 2 40 5 15 6 7 60 1 58 1 1 11 21 1 1 1 1 1 74 35 1 11 56 1 18 1 1 23 20 17 3 3 71 2 1 2 13 1 1 1 1 1 8467150.626957076 9.864537789459692E7 7.637657208803759 0.002605820969772882 0.0 
5 37 1 51 17 25 5 32 2 95 25 1 3 25 1 1 18 2 9 35 1 12 43 1 137 1 1 12 19 3 1 1 1 1 31 1 1 18 47 1 199 1 13 14 1 12 1 12 1 1 67 1 1 16 1 48 48 1 2 11 5 1 1 1 1 2 21 1 1 3 33 39 5 21 1 1 1 1 1 12 8 9075386.999574944 1.3353775033367354E8 6.926377486530951 0.00231735443117988 0.0 
3 5 1 1 6 38 1 11 6 13 38 1 20 1 75 9 1 1 14 1 1 22 15 1 1 72 108 10 10 14 31 17 1 15 1 1 1 1 73 9 1 8 37 2 4 11 44 1 18 13 13 1 6 1 1 4 16 25 5 1 8 2 124 66 1 1 5 63 1 64 10 1 2 13 2 2 50 8 4 1 5 8752700.376504498 7.589305728627269E7 7.023593698373235 0.0032118257902730616 0.0 
3 4 1 49 13 1 2 18 20 1 9 55 71 4 22 6 23 1 2 58 2 1 21 2 1 4 11 16 35 93 15 8 199 1 48 3 1 1 18 6 44 11 26 1 53 84 7 37 1 7 1 1 19 15 2 6 1 25 6 49 1 1 4 33 2 1 5 5 1 9 17 17 1 3 3 1 1 4 1 4 1 8398376.20975111 8.024359631410906E7 8.22298687096947 0.002692542245920707 0.0 
2 99 8 11 8 29 8 26 1 45 19 1 63 1 6 11 4 4 11 1 5 5 26 21 48 6 21 1 72 1 1 66 1 11 20 5 1 9 1 2 11 10 25 5 9 80 5 100 3 4 12 30 1 9 2 2 7 10 29 6 16 85 5 18 1 11 20 21 12 7 1 58 6 1 6 12 1 4 1 9 2 8310842.694938447 1.0246924604144995E8 7.215006908458427 0.003230584617411101 0.0 
1 1 1 1 7 10 1 6 1 29 16 30 15 1 4 1 1 5 13 1 19 1 73 1 5 36 1 12 1 11 9 1 51 1 1 38 2 7 2 1 185 20 13 4 19 74 10 170 1 30 48 11 1 9 10 4 1 1 11 46 1 1 1 74 7 4 1 22 12 8 2 15 14 11 13 4 9 6 45 1 2 8212160.574700925 5.624576315734312E7 8.313980890391106 0.003342972246835761 0.0 
1 1 8 1 1 1 2 7 39 1 1 1 1 1 16 1 1 1 17 14 5 60 1 1 5 50 11 1 11 98 1 35 1 1 30 1 14 66 3 17 42 14 41 8 5 150 52 1 10 1 19 1 1 1 3 1 1 32 12 1 14 3 1 196 12 1 11 32 3 73 1 27 1 5 1 1 1 1 1 20 3 8051346.591621274 7.361180687118734E7 8.910058501903045 0.002789848747802438 0.0 
1 1 1 56 2 1 5 5 2 1 5 23 1 75 14 34 11 1 4 1 6 7 86 7 34 4 10 6 43 8 15 24 58 1 9 9 8 1 10 1 126 17 27 2 7 49 1 71 1 3 6 1 39 1 5 5 1 7 1 32 21 2 1 37 4 50 12 4 1 14 15 4 6 6 15 1 87 1 72 2 15 8628587.041336762 1.3111466572851905E8 6.93820006180895 0.0026381437747669133 0.0 
1 1 1 1 8 12 1 20 8 134 1 1 13 25 1 1 30 1 1 1 10 29 65 1 30 30 1 1 31 95 1 1 199 1 7 48 7 1 55 6 56 1 22 7 1 1 1 93 1 5 13 1 41 4 1 1 1 63 2 29 5 3 1 1 16 1 1 1 1 29 5 19 3 11 1 1 1 6 14 3 2 7697960.440865655 6.528180775452585E7 9.126014552419747 0.002873715138832643 0.0 
15 1 12 34 1 1 1 4 9 1 2 1 1 1 34 23 11 1 15 1 16 1 1 1 27 33 1 2 46 1 1 5 199 1 29 21 5 7 6 20 1 17 29 12 4 55 1 180 17 59 3 13 73 9 1 1 1 35 9 1 6 1 9 83 4 1 1 1 11 56 19 23 1 6 1 1 1 8 1 1 4 9150080.44370619 1.0650030331121561E8 6.806217926612096 0.002683684225447748 0.0 
1 14 5 36 1 1 1 30 12 9 24 5 5 4 38 7 1 1 1 9 1 97 12 1 84 24 27 11 8 14 1 1 48 13 7 7 1 10 1 1 20 1 3 12 4 1 26 11 1 51 102 1 2 3 1 8 24 1 5 29 1 1 113 72 1 61 1 38 1 69 15 14 1 1 1 1 3 15 1 1 23 7429936.610597989 4.84550411039206E7 8.470963964834572 0.0038038564214992743 0.0 
1 1 1 199 1 9 14 1 6 1 1 7 1 94 1 26 7 6 13 2 13 1 1 27 5 3 1 5 1 6 1 32 94 1 14 1 14 13 7 9 7 51 56 2 12 7 3 12 7 1 1 5 47 13 1 4 13 146 6 69 14 2 1 59 15 19 2 1 1 1 10 2 12 1 1 1 1 1 80 2 17 8065201.28608529 9.130102197338314E7 8.750421982457329 0.0027696315549672924 0.0 
1 28 7 84 1 7 1 1 4 1 36 1 9 1 13 38 1 1 43 7 24 68 32 1 3 2 1 1 22 1 10 60 186 1 31 1 3 22 1 20 1 1 38 5 41 16 1 1 1 85 2 16 1 6 1 1 16 12 21 97 1 3 101 1 1 5 25 1 1 26 20 1 1 1 1 4 1 1 1 1 12 8964785.856095953 1.175966645176901E8 8.83824013618417 0.0020676425702229515 0.0 
1 59 6 1 3 7 1 4 3 4 1 20 27 1 28 1 1 1 8 1 7 3 64 22 1 26 1 1 13 13 14 10 135 6 1 1 15 1 6 1 1 29 55 14 22 1 1 199 13 7 11 105 1 7 1 10 1 42 12 37 7 6 1 1 11 10 9 1 35 59 18 4 1 4 1 1 1 64 5 17 5 8762801.466419883 5.986414300393592E7 8.871539701785093 0.0025934278938529254 0.0 
26 1 14 49 1 1 1 1 24 1 38 1 7 15 2 43 11 1 1 1 17 78 58 1 1 1 45 11 24 15 1 1 102 1 16 1 1 27 1 21 71 20 1 5 4 86 29 1 1 40 1 11 3 1 1 1 1 8 1 29 32 1 12 118 1 1 1 3 26 2 18 26 5 1 1 7 6 1 69 5 1 7624074.945731605 4.684705861958446E7 8.96068831443563 0.0031755657066336366 0.0 
4 13 1 25 1 7 1 16 10 24 18 31 1 1 53 13 2 4 10 52 10 85 1 1 46 3 1 6 10 1 40 1 141 1 80 18 1 101 21 1 24 1 40 12 1 53 5 1 30 12 2 22 1 34 6 21 69 1 11 1 8 2 1 1 1 5 3 27 1 26 26 26 1 1 1 11 1 1 4 1 1 7947558.679669924 7.314034351661097E7 7.4965210631342 0.003547157242921933 0.0 
4 1 12 45 3 1 3 20 17 8 18 11 4 1 30 1 6 1 22 1 1 85 1 4 14 19 10 1 50 21 1 17 199 6 5 39 10 10 3 15 16 6 35 11 4 1 1 58 20 16 58 1 80 9 1 1 12 24 11 13 5 4 1 44 1 1 5 1 10 43 41 18 1 11 1 1 1 1 52 1 15 7679090.93881618 6.994917469078508E7 8.145610290229019 0.0037457240639792054 0.0 
1 1 1 1 1 1 1 14 2 1 9 15 8 68 29 11 8 1 1 1 1 7 1 1 1 22 1 6 43 1 1 34 199 1 13 91 1 14 48 48 56 1 4 1 1 199 1 1 1 33 11 1 7 1 5 1 1 46 1 1 17 1 92 3 1 11 1 4 1 1 15 36 1 39 1 2 1 1 22 8 2 8573453.179035189 8.349228734373376E7 8.57925771389658 0.002409258197338732 0.0 
22 10 1 11 1 3 10 7 1 6 34 26 13 48 1 34 1 1 1 27 23 24 69 2 118 1 42 1 39 1 1 4 1 1 1 8 1 9 1 3 130 29 1 10 1 41 3 1 9 1 1 1 13 10 1 18 51 72 1 1 13 1 82 10 8 12 1 8 1 4 3 1 10 19 13 1 91 1 8 19 10 8661429.286904693 7.818114879899281E7 7.217075129368161 0.0034554342420697855 0.0 
2 66 1 5 13 33 1 26 4 24 1 43 26 5 1 32 6 16 1 40 1 1 50 11 15 21 21 1 9 1 23 42 47 1 1 14 1 1 46 13 48 5 23 19 1 32 1 1 2 1 8 7 1 9 1 93 1 18 10 29 44 45 1 28 1 1 9 29 6 3 1 63 8 17 1 1 67 1 8 13 12 7147617.156945443 6.72403878979723E7 8.730715972048607 0.004400395652849849 0.0 
5 14 1 8 5 1 4 1 1 11 38 14 28 1 75 20 2 1 12 12 14 24 15 1 4 63 65 1 3 2 27 6 1 15 22 1 6 19 73 10 14 36 56 3 1 13 44 3 35 10 21 3 2 10 2 6 16 25 3 1 8 1 124 61 7 8 1 86 3 66 9 10 5 10 6 1 2 5 3 4 5 8447596.65804421 9.455089652134201E7 7.024954642532262 0.0035422932505690327 0.0 
18 21 1 7 1 1 1 1 26 1 1 30 1 5 24 107 15 2 1 1 1 86 1 1 19 1 1 1 17 1 6 57 82 10 1 3 2 27 1 18 1 1 1 1 26 1 1 127 1 6 24 86 20 5 1 11 1 60 10 1 11 1 1 1 1 87 1 20 7 39 25 4 8 1 1 1 78 21 45 1 5 8186489.290531252 7.745605635105221E7 7.785238403070169 0.002921294987618026 0.0 
3 1 3 36 9 7 1 1 5 1 1 38 13 7 13 19 10 12 11 8 17 1 55 3 34 27 10 7 5 14 8 1 28 1 38 7 11 2 5 2 197 21 21 3 1 7 1 104 1 20 54 13 14 19 9 20 1 7 26 50 1 1 13 30 10 4 1 38 1 6 9 5 11 3 1 1 72 11 62 5 11 7789940.505836777 6.334658261294872E7 8.508067506569187 0.0033168091263345817 0.0 
8 1 1 96 1 9 9 2 1 1 1 37 5 18 1 28 14 1 4 27 6 1 60 3 77 1 11 1 10 1 15 22 1 1 1 10 2 9 7 3 122 6 32 1 7 41 1 10 1 1 3 1 13 10 1 22 8 80 11 13 5 1 59 84 6 40 1 8 1 18 2 1 10 9 5 1 93 17 72 2 14 8568153.859271405 1.1172819060031974E8 7.068850495462576 0.002917046926844263 0.0 
1 1 1 113 11 5 1 23 1 1 4 15 7 1 94 1 6 1 1 5 1 152 81 16 45 1 1 1 1 1 12 20 1 1 1 11 1 1 1 1 69 3 92 3 1 7 1 1 1 13 26 1 23 2 1 1 1 83 3 29 10 14 1 19 1 49 32 1 11 1 12 22 20 3 5 6 73 17 53 3 1 8304963.409733726 8.185538566431949E7 8.171291447469972 0.0024948010731683746 0.0 
18 4 13 22 2 2 2 1 6 1 61 8 6 8 4 82 10 9 9 3 24 32 15 18 60 3 39 13 3 19 7 21 1 12 21 7 1 23 6 19 12 6 1 1 12 5 24 9 1 45 19 59 25 8 1 17 22 22 11 18 19 1 1 88 5 1 16 31 49 52 10 45 1 6 1 15 48 6 1 1 15 7586298.308275453 5.679938800542697E7 8.304052674174937 0.004053912649012012 0.0 
6 1 5 17 1 6 3 10 13 1 2 3 1 1 38 3 1 1 20 4 1 63 2 1 2 8 7 5 1 14 5 32 69 1 61 2 2 32 10 1 9 5 67 6 8 1 84 147 3 15 1 1 33 2 1 2 8 70 17 11 1 22 89 49 1 9 1 31 2 102 57 8 6 4 1 1 1 2 1 11 18 9441844.869610187 1.3333854869116458E8 7.003681164487955 0.002430661333946214 0.0 
19 66 6 1 1 1 1 24 1 2 2 15 30 1 8 41 18 2 2 8 15 16 45 1 81 24 43 1 1 1 2 42 1 34 1 1 10 1 21 1 175 2 5 12 2 3 1 65 2 21 32 3 5 1 18 27 10 37 1 26 1 4 1 1 1 40 11 6 1 59 2 54 6 31 9 4 1 36 3 31 8 7336241.849353784 3.7977501195460744E7 10.26238720010258 0.003415267437162436 0.0 
7 5 6 36 2 2 13 9 3 1 3 13 3 1 79 1 7 3 3 1 27 103 1 1 1 1 8 9 27 21 26 33 34 11 33 1 13 4 1 34 101 13 1 25 17 1 1 41 7 56 1 20 58 19 4 3 16 25 13 4 71 4 1 34 14 41 14 1 22 14 17 42 1 9 10 14 3 1 1 5 17 7376582.114135312 5.235375168347616E7 9.996279637454885 0.0033550097778367698 0.0 
9 1 1 71 4 15 84 4 1 4 29 15 27 11 1 13 9 8 1 28 16 1 1 10 55 1 6 1 29 1 3 1 35 1 1 1 6 1 16 5 1 8 61 1 17 1 1 80 1 1 11 1 10 5 5 15 3 85 10 72 1 1 1 56 15 11 1 35 11 22 1 1 13 9 23 1 140 13 9 38 5 8689063.28493351 9.811832949264154E7 6.862913596901182 0.002708466724980425 0.0 
17 61 5 1 2 2 1 22 1 15 1 20 27 1 7 40 18 1 1 48 14 12 23 4 32 20 33 2 5 1 3 38 6 27 5 1 7 3 22 4 161 2 5 11 1 59 1 61 2 28 43 1 3 2 22 3 18 27 1 22 3 4 1 5 1 37 11 7 2 57 2 50 6 28 9 4 1 32 1 31 7 7136693.964905132 4.339376334599745E7 9.714206615137066 0.0037033991775456817 0.0 
9 1 1 29 2 1 10 8 1 18 75 1 1 18 54 42 1 2 20 1 1 82 19 19 1 1 77 11 31 1 8 13 116 1 10 1 1 2 40 5 1 7 1 1 23 190 1 1 1 21 1 18 1 1 6 3 27 98 7 47 1 1 5 1 1 5 3 1 2 22 16 1 1 9 1 10 8 34 4 3 7 8305579.641929203 9.96954353081048E7 7.334709779099676 0.0030348043732643564 0.0 
15 44 4 4 1 2 1 1 26 13 45 1 1 21 3 24 1 5 13 15 1 83 24 1 53 5 6 3 25 14 2 52 19 10 5 1 1 37 13 21 13 8 1 3 24 9 40 7 14 9 25 188 2 1 1 21 1 1 9 1 1 4 93 9 1 80 8 12 4 77 18 1 4 12 2 2 10 9 2 1 6 8512249.135402426 8.98345511806261E7 6.874104690767275 0.0033352055639181157 0.0 
2 1 1 46 13 1 3 3 21 5 6 54 1 1 43 1 44 4 1 35 8 1 13 1 1 1 67 10 7 7 2 19 199 17 61 1 5 27 1 1 42 17 1 1 7 82 53 118 3 97 1 1 25 13 1 1 1 36 1 15 1 1 1 14 1 1 1 4 3 1 19 14 9 2 1 1 1 2 1 13 1 8420074.765605437 8.248049589055946E7 8.110759294380314 0.002662473693620849 0.0 
1 52 4 1 6 38 1 1 1 9 34 1 20 19 1 7 1 1 7 21 1 1 14 1 1 68 1 1 16 1 28 19 4 15 2 1 1 10 73 1 1 18 40 2 14 11 20 1 36 1 1 155 6 6 5 4 53 1 8 1 1 5 199 64 1 1 5 61 1 1 5 1 5 25 2 1 50 1 1 1 10 7933916.6306460025 7.14340736184276E7 7.870549429942775 0.003039465925862113 0.0 
4 1 1 1 6 1 1 5 24 6 13 39 1 1 10 73 6 14 1 1 2 37 25 17 3 20 7 11 1 89 1 5 199 1 14 33 1 1 51 1 94 1 1 1 1 1 63 181 1 6 18 107 8 9 1 9 7 55 4 1 1 1 4 1 1 1 1 1 1 11 1 21 1 1 1 1 1 24 1 1 1 9048568.676843619 8.93566304031318E7 8.211052667953465 0.002385283669195251 0.0 
1 2 7 59 1 1 4 5 27 11 2 1 1 7 35 1 12 1 15 5 26 58 15 20 7 1 6 4 106 26 1 32 192 7 13 10 5 90 4 9 41 19 1 1 1 3 106 1 2 1 1 1 10 1 1 1 23 1 3 20 20 1 1 1 9 11 1 3 3 46 10 5 15 1 14 1 102 9 10 2 18 8533024.429358425 1.082014167788024E8 8.109939437700882 0.002478395948323957 0.0 
19 6 1 127 1 8 1 1 25 1 13 46 1 30 22 25 23 1 1 1 2 1 60 51 16 1 4 1 38 1 1 16 54 1 6 1 31 1 4 1 113 40 1 16 1 1 1 1 1 1 21 1 100 13 1 8 1 1 20 1 8 1 1 1 30 17 25 17 21 5 1 1 1 1 19 1 73 20 115 1 1 7668461.299450836 6.509210914545998E7 10.067788756652954 0.002883311899174212 0.0 
1 78 7 5 1 1 6 74 1 39 3 8 1 1 1 6 1 3 1 1 1 58 1 6 33 43 1 14 11 1 4 80 131 1 48 4 1 6 1 1 1 18 11 1 32 11 1 74 1 43 1 89 1 13 1 20 1 11 31 1 29 20 29 6 1 1 18 10 4 1 5 19 10 45 2 12 4 1 22 1 29 7411343.334090394 4.723733960512444E7 8.98790345732413 0.0038786465095281874 0.0 
4 1 1 94 4 2 1 1 15 10 63 1 6 35 2 1 1 1 1 2 1 9 118 1 24 15 1 8 1 15 10 40 169 1 34 33 1 7 12 2 1 1 22 7 1 51 16 24 1 25 31 67 49 9 4 18 1 1 1 73 1 5 1 25 3 1 38 1 1 15 18 1 5 1 6 1 38 1 1 6 15 7750375.333047198 5.794237692684514E7 8.956719591741253 0.0030144796655581663 0.0 
1 1 1 5 12 19 1 7 1 42 17 13 15 1 26 35 3 3 1 7 1 9 16 6 9 1 36 9 19 83 8 1 199 1 29 1 1 28 3 1 1 9 26 1 1 4 49 199 1 26 16 7 1 9 4 11 41 39 4 4 1 5 10 15 1 1 2 11 16 57 49 29 6 1 1 2 1 18 1 3 7 8001113.0072197225 6.998879106531295E7 8.368221907371117 0.00292601273878421 0.0 
35 1 17 6 4 6 1 1 8 1 8 59 9 67 7 1 1 1 1 1 6 9 1 9 1 30 19 5 1 10 2 1 107 1 27 8 11 1 1 1 184 16 49 2 16 91 4 18 9 1 3 13 25 2 1 9 35 63 3 4 5 1 1 10 11 3 1 18 5 2 11 15 3 1 47 1 1 8 120 15 28 8024932.7116668485 5.450443613089117E7 8.779115991872498 0.0031050713361576434 0.0 
2 1 5 1 10 30 2 1 1 17 1 22 7 1 13 6 2 16 1 46 7 1 67 1 16 31 1 23 1 53 18 24 87 1 9 10 1 14 42 11 155 5 42 1 11 10 8 56 11 1 26 1 1 8 2 84 1 33 4 51 1 37 1 65 8 1 10 20 2 1 11 3 15 9 6 5 1 7 9 11 12 7237085.3412011545 5.84459157709551E7 8.330702598046164 0.003552288323027421 0.0 
15 64 1 38 4 2 1 1 9 1 13 1 1 1 1 1 1 1 47 1 21 1 28 6 27 37 1 5 9 2 21 1 51 1 29 12 5 11 1 20 21 11 89 2 32 55 1 183 10 59 3 5 7 1 3 4 1 79 2 44 1 1 3 1 2 1 12 14 68 10 15 1 1 1 1 4 8 81 17 9 4 8283336.126213939 9.884881729038547E7 8.613928599408766 0.002424146985922941 0.0 
27 1 1 2 1 1 10 37 22 9 45 1 6 1 16 24 11 9 20 1 1 127 1 11 1 10 120 18 22 24 4 45 199 1 7 1 1 24 7 23 1 23 1 1 11 1 23 1 1 34 1 26 1 1 1 1 24 111 1 9 13 1 5 4 3 1 1 3 23 9 23 13 1 5 1 16 1 34 11 2 1 8037226.608305692 7.111686909822792E7 8.956609115685657 0.002700542732286807 0.0 
8 8 15 11 9 68 3 1 19 1 32 2 88 40 1 1 1 1 21 1 1 1 11 52 1 47 50 1 20 1 31 126 1 1 1 9 16 3 40 3 1 10 43 18 1 5 1 123 3 1 23 1 92 1 1 1 1 18 21 23 4 3 1 1 19 1 10 7 1 1 26 52 4 1 35 12 1 13 1 1 1 7824565.322073581 6.88876273243207E7 7.885265025245351 0.0033252604035875007 0.0 
4 1 1 60 1 1 1 4 1 1 6 24 1 1 13 51 15 1 7 6 1 5 139 6 72 1 14 7 16 8 28 19 1 1 9 11 4 8 1 1 95 9 51 1 1 14 1 30 1 3 8 1 50 2 1 16 3 55 6 8 16 6 53 31 1 1 8 2 1 30 14 1 2 5 1 1 93 9 135 7 3 8521732.047292672 1.0572112818195613E8 7.384063875880333 0.002695223287271373 0.0 
20 9 1 17 1 8 2 24 2 2 31 18 39 1 30 1 10 18 15 8 24 45 1 6 37 15 14 8 41 42 5 23 1 24 15 6 5 1 13 1 24 22 14 11 13 1 24 72 12 47 12 54 18 1 4 4 34 28 2 30 1 8 37 38 19 20 5 30 1 38 3 2 4 30 4 9 4 53 8 1 15 7081073.377172709 4.550214147673929E7 9.297090956765706 0.004498682301070554 0.0 
19 68 6 1 1 1 1 23 7 3 5 17 30 1 6 38 29 2 2 13 27 10 1 43 1 22 35 1 1 2 1 34 49 34 1 1 20 1 28 17 63 24 1 12 2 8 3 2 15 24 27 3 15 3 15 27 41 40 9 57 24 4 7 1 13 1 11 20 1 54 1 54 13 37 20 7 1 36 18 30 8 7082803.800218467 4.5356409393525735E7 10.804194033283364 0.004025941626263147 0.0 
21 3 24 99 9 29 2 4 15 1 37 1 108 40 1 1 3 1 1 1 1 1 5 1 10 2 1 1 3 12 5 109 1 1 1 9 7 1 36 3 112 12 4 9 65 1 1 1 1 6 23 37 41 1 1 1 1 1 39 41 1 24 1 8 16 1 11 13 1 1 16 5 4 4 7 11 199 4 1 1 8 8588056.615621042 6.0134410964097604E7 9.729329899346908 0.002485777885421606 0.0 
1 1 3 20 1 30 1 1 16 16 13 1 32 81 51 1 13 3 25 8 1 14 31 3 18 2 36 9 63 9 1 29 44 5 1 4 1 28 13 6 34 11 189 1 6 1 13 1 3 24 50 1 1 1 2 6 53 1 7 23 11 19 1 44 7 1 1 1 16 41 25 15 17 1 1 1 14 1 30 3 26 7365067.006952186 5.5154706514990784E7 10.618730631385215 0.0032952413751569194 0.0 
23 1 11 1 18 1 10 7 15 38 1 73 9 35 4 1 1 1 1 1 1 6 132 35 16 1 1 1 1 27 1 1 24 10 47 23 5 1 1 2 97 52 1 1 56 1 1 1 1 1 1 1 63 1 3 1 12 98 16 18 40 3 1 19 1 1 45 3 1 1 11 102 8 1 17 1 1 1 23 1 24 8645756.301211849 7.675494953728719E7 8.628705313099896 0.002435238714861531 0.0 
4 30 1 38 12 1 1 1 4 20 51 5 14 7 3 87 7 10 5 4 1 23 99 36 13 7 1 1 5 56 2 1 1 1 2 1 1 18 9 6 135 21 4 8 13 1 1 39 1 1 26 98 23 16 8 28 2 7 18 1 3 1 96 25 1 1 2 22 1 14 48 5 1 1 4 1 14 60 12 1 1 7893005.422755484 7.418897929365258E7 8.86804979507951 0.0028008352004116692 0.0 
1 5 1 36 2 1 18 5 1 1 5 1 21 1 103 10 11 2 1 16 1 17 5 1 1 20 8 19 1 1 36 1 1 1 18 10 8 9 1 9 2 1 7 5 1 67 60 27 1 17 1 89 28 1 13 1 1 16 1 18 1 12 68 199 1 179 25 1 1 25 1 14 1 1 1 1 1 1 1 1 1 9315392.903017098 1.1720209660168618E8 7.759953129962606 0.002027258769753486 0.0 
36 11 15 1 5 1 1 4 16 1 4 58 1 16 1 66 2 1 1 1 7 1 1 10 1 7 11 17 1 32 8 1 199 1 18 4 9 1 1 1 171 11 1 10 8 80 1 9 26 91 1 43 33 1 2 17 1 38 1 7 1 3 11 1 4 1 19 2 2 60 5 16 2 1 26 3 1 11 36 1 4 8021290.200557369 6.687331746106957E7 8.113063149204025 0.003244162239405268 0.0 
5 12 3 14 1 5 1 6 23 1 1 110 96 1 1 13 7 1 1 1 7 5 1 1 1 6 13 1 2 59 1 48 1 1 44 1 1 1 1 1 18 43 32 2 1 26 4 118 23 14 10 1 1 6 1 1 17 89 1 2 64 1 55 7 3 4 1 1 31 1 26 4 4 122 9 10 1 10 24 14 16 7489335.051035388 4.9751110543750286E7 8.395446514498392 0.00341017659320533 0.0 
1 66 1 44 1 1 10 6 1 1 18 1 1 1 20 13 2 1 39 1 18 1 1 14 1 52 8 11 37 1 16 35 156 1 29 6 11 11 5 23 1 11 38 2 35 164 2 1 1 55 2 12 1 1 1 1 2 178 1 51 1 6 1 1 2 5 13 5 5 8 22 1 1 9 1 4 1 15 1 2 1 9087341.269226823 9.939458991249582E7 7.660733715811064 0.0024408091277656587 0.0 
1 20 9 69 6 27 5 1 8 1 1 1 10 5 1 1 1 1 3 1 6 24 44 1 1 53 1 1 13 1 1 19 199 1 1 7 5 2 1 2 1 1 44 13 25 7 76 40 24 1 199 5 3 1 6 1 1 133 1 22 1 18 1 34 19 2 13 9 4 1 9 4 5 13 15 1 46 3 9 1 2 8335547.434555241 8.115768255418292E7 8.643012304173922 0.0025307353590569926 0.0 
20 11 1 22 4 2 9 6 1 1 29 20 5 42 3 63 1 2 1 1 20 23 7 1 112 3 38 1 44 1 26 1 1 1 1 1 1 9 10 10 105 26 19 11 1 37 33 1 8 14 1 1 13 5 5 20 46 68 1 13 12 1 75 20 7 1 1 5 1 1 6 1 8 17 11 1 94 2 54 17 7 8248492.754405225 9.02922957313315E7 7.362308599079533 0.0034661275285395037 0.0 
1 1 1 34 1 2 1 3 7 1 1 18 1 1 75 1 13 1 1 12 18 11 25 23 26 26 37 9 1 1 1 1 85 1 35 6 1 11 7 1 19 4 1 1 20 76 1 199 1 108 1 67 1 1 40 13 1 1 4 1 22 1 88 1 1 1 3 1 70 1 49 1 4 1 1 1 1 1 1 9 9 8966832.553410282 1.0090215308719021E8 7.6056753887743485 0.002303535467059246 0.0 
17 10 2 119 1 30 1 1 25 4 11 42 2 25 26 23 11 1 1 1 1 16 55 2 9 4 2 1 40 6 1 1 75 1 7 4 25 10 2 1 62 1 24 14 53 1 14 4 4 1 83 1 82 12 1 7 2 1 17 1 8 1 1 1 27 15 31 14 20 15 1 9 2 1 16 1 39 23 95 2 4 7614373.771979638 6.639513320600127E7 8.851638512093917 0.003313284062761295 0.0 
5 57 1 24 1 6 2 13 1 1 5 19 13 72 20 78 7 1 9 1 19 5 1 1 1 1 4 5 39 4 7 30 59 1 1 11 1 12 43 43 64 13 47 1 1 178 2 1 19 39 25 3 9 1 7 6 1 1 5 7 23 8 107 6 5 1 2 1 1 13 10 28 1 36 12 2 1 3 1 9 5 8217255.092383677 7.978228321286368E7 9.439368062853294 0.0026306684644788474 0.0 
11 16 1 1 9 1 1 4 10 48 1 1 63 1 81 1 4 1 1 19 18 8 22 21 1 35 3 11 1 1 36 1 30 1 35 1 17 9 1 1 1 9 195 4 12 7 39 58 1 98 79 61 1 1 32 4 1 14 1 1 9 1 1 1 9 1 1 1 63 7 68 1 8 5 8 3 1 7 7 1 1 8064610.578575946 4.654789014521914E7 8.353819791516322 0.003357684719367717 0.0 
14 15 1 87 4 1 3 5 9 1 1 1 46 5 1 4 4 1 1 1 9 1 38 18 23 1 12 1 13 1 27 1 16 15 38 20 9 49 1 39 37 21 36 4 4 55 4 151 4 60 1 1 6 1 4 1 1 73 1 24 34 1 8 1 6 79 7 1 1 15 6 1 18 28 29 4 2 10 12 17 19 7856226.225128132 3.845910541460726E7 9.884728687374297 0.0031342257070602836 0.0 
1 1 20 40 16 29 1 34 5 2 1 19 73 1 14 3 1 16 2 12 1 4 23 32 17 1 28 18 16 15 1 1 90 1 1 8 1 1 4 1 118 22 1 12 1 1 8 152 6 1 1 25 10 1 1 11 8 25 50 98 10 15 25 18 4 60 1 5 2 1 20 1 2 4 29 5 24 2 1 1 14 7528731.426808781 7.463272390867476E7 9.278256099209452 0.003139035814726082 0.0 
1 1 1 13 12 1 1 1 1 42 1 36 42 1 26 22 4 3 24 3 1 8 1 1 2 2 1 2 62 41 8 56 126 1 24 9 11 23 27 7 1 18 15 4 33 1 1 1 1 97 6 159 77 8 5 13 1 12 10 1 21 1 106 1 2 5 7 1 4 3 9 1 1 1 1 1 3 5 38 21 12 8617713.189885221 8.450028004464544E7 9.330635497639474 0.002385655035215655 0.0 
1 1 1 1 1 14 23 1 3 14 35 38 1 1 23 1 4 1 1 33 1 26 1 22 38 23 12 19 42 30 5 12 199 1 1 2 27 1 1 3 45 12 1 11 10 29 22 59 1 1 2 1 20 1 1 1 1 1 1 3 64 4 66 84 5 8 1 1 11 18 1 7 11 49 1 4 20 52 7 1 1 8110737.488800936 4.082526297203536E7 9.348659280254132 0.003292941421511341 0.0 
19 56 4 1 1 1 2 17 1 1 37 1 16 35 2 43 2 1 12 1 19 35 16 1 59 14 35 1 41 1 1 20 180 23 29 1 1 1 5 1 10 26 13 11 1 1 4 117 10 3 2 16 1 6 3 1 48 1 3 5 11 2 26 81 3 33 1 1 1 60 17 1 1 21 10 3 1 7 6 25 2 7503849.8930588225 4.024320056284662E7 9.46801590787818 0.003194242609816509 0.0 
1 12 4 48 92 1 15 11 8 1 1 8 1 1 1 3 8 1 1 1 18 22 52 45 8 1 1 1 1 2 1 33 47 1 8 12 9 12 1 19 66 29 1 15 1 1 1 199 1 1 57 7 60 2 1 11 1 7 10 28 5 3 83 20 3 70 25 1 14 1 24 18 8 13 22 2 1 16 1 1 1 7910268.782793044 5.910433604428033E7 9.690234081385938 0.0027237250253083966 0.0 
1 9 6 34 1 2 1 1 7 12 7 11 1 4 3 3 2 11 43 11 20 74 25 23 24 24 14 13 3 1 1 14 51 1 24 1 9 1 5 11 9 8 88 1 33 110 1 167 7 180 1 32 5 2 1 5 1 79 1 35 6 7 1 3 1 1 12 6 1 1 19 1 1 3 1 6 1 2 3 5 1 9009691.767356835 7.70080188513971E7 8.053622568621456 0.0025725813947722704 0.0 
1 1 3 55 12 13 3 5 1 2 1 1 81 62 29 4 4 1 28 1 1 6 72 20 31 1 13 2 8 4 15 22 1 20 10 14 2 54 13 32 58 16 199 1 10 1 7 3 9 2 1 1 2 1 2 7 1 12 5 18 37 22 7 11 12 45 5 1 1 17 3 1 27 20 32 5 1 9 44 17 28 7839454.041711555 4.810874634536108E7 10.286106332959566 0.002993404161074691 0.0 
17 9 1 15 1 1 13 1 3 10 23 45 2 1 1 13 12 1 1 40 28 1 13 25 11 37 55 1 11 4 24 8 60 16 4 5 9 6 22 11 49 27 11 2 1 11 78 1 13 10 7 25 38 4 24 29 38 39 7 35 29 20 29 1 12 11 14 53 1 34 5 1 10 45 21 5 1 3 27 29 4 7068370.739914833 5.339172996441964E7 10.05224313657731 0.0040971110503179005 0.0 
3 1 1 52 1 2 12 2 19 1 30 23 3 1 1 25 13 11 18 20 1 8 1 1 94 1 1 31 1 68 1 12 7 1 13 6 1 28 9 1 27 6 13 2 6 4 1 199 1 9 1 45 29 21 1 25 10 98 14 34 1 5 1 32 1 1 1 24 19 51 33 24 16 1 1 2 7 22 10 1 7 7546136.229819397 4.230873736643012E7 9.435415470305779 0.003482275245563189 0.0 
4 1 1 43 1 5 11 31 11 37 1 1 1 3 77 12 4 4 5 4 1 60 21 41 1 1 35 2 6 13 1 1 11 1 2 5 1 6 2 6 51 13 1 1 4 6 7 199 6 7 30 43 27 6 1 30 1 1 8 31 5 27 57 1 1 160 19 1 1 19 33 1 10 10 2 1 8 18 7 1 1 8950918.582807979 8.291642654300609E7 6.911647610140286 0.002943463374716228 0.0 
3 1 1 21 12 32 16 21 4 12 1 34 29 50 1 31 6 15 1 41 2 3 42 11 25 18 13 5 11 1 18 36 55 1 1 12 1 1 42 15 43 1 23 20 1 1 4 11 2 2 9 1 1 9 5 85 2 22 12 48 44 41 1 43 3 7 9 27 3 3 1 58 1 14 6 1 77 1 1 1 34 7252957.8565491345 4.515901189808114E7 9.681930882099705 0.0039884743874438865 0.0 
1 1 6 48 1 44 18 1 23 26 1 1 20 11 1 1 30 14 1 65 11 14 1 4 1 1 20 2 5 1 3 63 5 8 5 1 2 25 2 3 1 6 43 3 1 146 132 165 8 11 21 1 1 2 7 1 1 22 1 9 11 11 10 169 1 6 6 2 5 1 15 1 1 7 1 2 15 1 1 1 1 8697944.148054525 1.3795141634788486E8 9.082061030443649 0.0022436521933257188 0.0 
1 4 1 81 1 1 1 1 6 24 24 69 14 43 1 54 28 8 6 13 10 1 81 55 1 1 36 1 2 7 7 8 1 1 1 1 17 1 1 3 131 9 19 1 25 6 3 1 3 1 1 1 1 5 1 22 53 64 8 50 1 1 1 1 17 1 1 40 2 1 1 1 25 7 1 1 1 18 150 6 26 7779107.893653581 6.422602250249659E7 9.240585056860743 0.0030107898524163396 0.0 
13 5 1 34 17 27 1 1 7 90 31 1 1 1 1 24 34 1 10 40 18 22 1 5 68 1 32 13 1 1 1 33 17 24 8 1 1 10 59 1 190 13 12 15 1 11 4 1 11 18 26 10 8 3 20 54 46 1 1 27 5 1 11 1 11 1 20 1 8 31 19 26 11 6 17 1 1 16 9 8 1 7353895.788436233 5.122657367265094E7 8.568477291893274 0.003855249327293708 0.0 
1 1 1 49 2 4 14 5 1 3 1 1 42 8 85 1 1 2 1 1 5 1 100 1 1 2 1 1 1 7 13 6 9 10 12 8 9 1 1 1 13 10 33 4 1 21 20 67 1 8 54 1 38 1 3 1 4 8 4 23 19 7 55 126 1 136 27 1 15 1 27 17 8 6 4 1 151 1 1 3 1 9164169.440863425 1.1802486222759786E8 7.933970027956089 0.001959862332675025 0.0 
6 33 1 26 13 27 1 12 1 22 38 2 15 1 1 107 1 11 1 8 1 49 91 39 1 9 1 1 1 62 1 3 1 1 1 1 1 33 10 1 1 22 14 8 8 1 64 109 1 1 29 96 2 9 8 10 1 1 14 9 2 5 104 35 1 1 1 1 1 31 28 1 1 1 3 1 1 55 1 1 1 7920433.948607344 7.066366372774082E7 8.15867315633464 0.0028618394439635917 0.0 
7 1 1 72 1 1 9 2 1 2 31 39 1 1 1 8 9 19 5 16 1 10 1 3 60 2 4 3 1 3 28 3 43 1 10 12 2 1 1 7 103 5 89 1 10 9 2 46 1 8 1 86 16 7 4 22 10 96 8 25 25 1 4 14 3 5 1 20 12 12 7 13 7 1 2 9 88 17 113 4 10 8708599.611469675 1.016627438162914E8 7.0032796823480625 0.002521767905949921 0.0 
1 1 7 63 29 2 2 1 1 1 1 16 3 1 59 1 3 1 1 1 1 164 14 5 1 7 16 2 10 1 1 28 19 1 5 52 1 1 95 9 199 1 46 10 1 1 1 62 11 76 9 1 30 13 2 6 1 19 1 13 26 1 3 19 1 1 14 18 1 1 54 49 1 1 1 6 1 1 15 8 1 8744308.468891164 7.99396045665286E7 9.16417908841236 0.0022016224011941945 0.0 
3 18 9 49 6 1 1 1 7 1 2 1 14 1 3 42 15 1 3 1 6 4 132 6 26 7 9 7 5 56 24 17 1 1 3 13 3 1 1 2 95 9 53 12 13 2 57 1 22 1 26 4 49 2 5 16 1 118 6 21 3 15 53 20 15 1 2 9 1 1 48 1 1 10 2 1 61 4 83 1 3 8233286.45682985 9.327280845938665E7 7.384816101201798 0.003054855254285537 0.0 
1 1 1 17 4 67 3 1 1 4 18 29 16 1 1 53 3 4 39 5 1 1 11 59 1 51 64 4 42 10 39 32 1 1 1 2 2 3 6 2 1 7 66 11 14 1 5 122 12 7 4 14 21 9 1 1 1 26 19 1 14 24 11 1 1 1 4 6 1 1 20 66 2 24 36 2 110 20 19 1 12 9474188.46397837 1.316776401876695E8 6.802162821471897 0.002194125668817471 0.0 
15 1 6 1 1 1 1 4 29 179 2 1 1 3 6 48 9 1 15 1 16 1 1 1 27 35 1 13 39 1 11 17 1 1 26 49 5 11 5 40 1 17 35 4 4 57 17 125 8 1 1 49 59 1 1 1 1 35 9 1 1 1 57 67 4 1 1 1 11 56 43 1 5 6 1 1 1 8 6 1 4 8147580.206553189 8.143576796561757E7 8.40460813225849 0.0026364059800830356 0.0 
9 5 1 1 1 1 1 9 1 199 1 49 15 1 3 11 9 12 14 57 1 23 5 15 2 48 1 18 1 38 20 1 51 30 3 40 1 5 1 55 74 1 1 2 1 1 1 22 13 109 1 172 9 3 11 24 22 1 1 1 1 1 6 1 1 4 13 1 1 60 1 1 1 6 1 1 1 11 7 1 1 8861668.972104633 7.432841275462328E7 8.800328918046223 0.002164965253950784 0.0 
1 1 1 21 1 1 1 17 1 44 1 25 35 49 56 1 1 1 1 1 1 61 7 16 1 33 1 1 6 1 9 32 28 11 26 48 8 15 1 29 1 1 5 2 5 136 1 137 9 37 82 1 8 1 5 1 1 92 1 1 14 2 1 3 1 26 1 5 1 1 45 39 1 32 1 2 1 1 1 25 1 7801467.050988679 5.319464319694908E7 8.956776547697439 0.0029358745702213356 0.0 
1 1 4 1 2 13 1 6 16 2 1 1 54 24 1 1 15 1 28 1 1 1 1 1 21 48 20 3 8 1 1 17 199 11 1 1 24 1 1 1 1 39 14 19 10 1 1 199 1 19 12 141 2 1 2 1 1 1 11 45 1 1 27 57 19 45 4 8 1 1 13 1 27 11 13 1 42 1 8 1 1 8661109.656880204 1.028570175762463E8 8.664144186333823 0.002391344482103555 0.0 
10 94 6 22 3 1 5 52 2 17 1 8 28 1 1 2 14 2 1 10 6 1 43 4 76 7 42 1 19 4 1 20 2 6 25 1 9 11 19 2 199 1 2 12 1 9 1 13 1 1 68 1 1 16 16 23 43 1 36 38 15 3 1 1 3 2 13 1 22 25 17 63 6 48 1 1 1 1 1 31 14 7323460.329583106 5.59882590889964E7 8.540945117180087 0.003651865841086837 0.0 
1 1 1 50 1 16 5 5 24 13 14 4 1 31 23 19 22 3 2 8 12 5 6 4 40 1 37 8 73 5 4 7 114 1 15 10 2 23 6 2 1 16 23 1 1 159 7 137 1 19 37 1 11 1 4 1 50 17 1 31 10 1 1 29 1 1 1 14 1 40 31 11 10 1 1 1 22 1 10 1 19 7467608.806781407 6.747255148464815E7 9.459760361085658 0.003172867564137492 0.0 
3 1 1 13 12 2 1 11 18 34 5 10 1 1 1 74 1 1 12 8 2 20 110 1 65 1 33 19 11 17 27 1 1 1 17 9 1 12 1 7 1 1 8 1 16 33 17 143 5 1 87 26 43 11 1 15 2 73 1 57 1 6 57 15 1 1 2 1 1 14 41 1 1 5 1 1 1 8 52 6 7 9143224.135102987 1.2340681169584222E8 6.816788567449197 0.002582799377904625 0.0 
1 1 1 56 2 1 5 5 1 1 5 23 3 76 14 34 14 1 4 2 15 1 81 33 34 4 10 6 43 8 1 24 58 8 9 7 11 1 7 10 126 17 20 2 7 49 1 1 7 7 1 1 39 1 1 5 14 7 4 36 21 2 1 37 11 56 1 3 1 6 15 4 6 6 22 1 87 1 72 2 15 8637034.31308008 1.086018533644197E8 7.72455494619628 0.002559339607971525 0.0 
16 1 5 21 1 1 71 12 1 27 1 25 6 38 1 1 1 1 1 40 11 31 4 5 40 14 1 1 1 8 4 16 1 3 11 29 12 19 10 29 133 1 92 12 27 21 1 1 16 4 1 58 1 9 1 6 1 31 3 114 1 1 1 3 18 1 6 1 20 5 1 1 5 16 19 1 65 8 101 1 1 7596761.798624261 7.241710051627775E7 9.143932454001115 0.00305160394037697 0.0 
3 1 5 80 10 5 1 3 4 1 4 16 6 1 53 1 3 1 1 5 1 31 56 1 42 8 1 4 1 4 15 16 60 1 11 8 2 27 9 1 25 1 149 7 5 2 79 1 16 21 1 1 29 1 1 1 8 31 12 9 6 10 39 64 1 1 13 31 11 5 38 26 14 16 3 6 60 1 43 13 18 9030205.191037538 1.1660014965340993E8 7.944134437888404 0.002261186920418346 0.0 
12 1 11 1 26 1 1 17 3 18 4 1 147 1 62 1 7 1 1 5 1 1 17 9 45 1 1 1 4 1 31 16 1 17 7 11 1 1 16 1 112 1 152 9 1 1 1 1 8 26 31 1 1 20 4 1 3 1 6 31 42 14 1 23 1 49 44 34 9 1 2 46 4 3 1 15 78 1 66 9 1 8128839.4970976245 9.591958971587557E7 8.213883984734343 0.0026440574703769544 0.0 
2 6 1 11 11 29 3 1 14 17 5 22 26 30 2 9 4 14 13 34 2 2 128 6 30 20 3 9 3 50 1 10 45 1 1 1 1 10 26 5 64 6 1 2 4 25 6 122 7 1 18 1 7 13 1 81 1 22 7 34 9 35 2 29 4 5 18 29 1 39 14 47 9 16 8 2 18 6 1 1 17 7299307.825188959 4.883537595317925E7 9.506683594647528 0.00365991819361238 0.0 
5 71 1 1 17 1 41 44 1 5 7 4 12 27 11 1 20 7 4 72 1 64 1 3 7 82 1 12 18 3 32 7 1 5 25 22 1 27 66 1 16 6 1 19 1 5 2 1 25 13 67 8 1 8 17 57 57 1 13 1 10 21 8 1 9 4 29 33 10 14 34 31 1 43 7 1 1 1 1 12 5 7710023.031361728 6.138055505505225E7 8.220623557858184 0.003919075447154878 0.0 
14 1 1 1 5 1 1 6 15 37 17 72 31 52 12 42 1 1 30 1 4 1 154 1 69 1 5 9 1 106 17 15 113 1 17 1 6 6 13 1 1 1 58 2 1 84 40 8 7 1 1 1 21 10 3 6 25 1 1 1 7 6 14 3 5 1 1 1 1 40 42 15 1 1 1 1 1 4 7 14 14 9086449.888529595 1.1582876132876118E8 8.042716598967413 0.0021818521764262275 0.0 
6 21 3 1 1 1 45 5 1 21 8 21 4 4 30 14 3 5 1 5 3 27 4 5 1 53 14 6 15 2 39 27 1 75 1 26 19 5 26 1 80 20 7 1 8 65 10 1 20 1 1 199 22 2 11 15 21 1 33 10 1 3 6 14 9 1 1 40 26 50 26 1 6 10 9 1 1 2 25 1 29 7569730.189786677 4.7789618691776805E7 8.77145802421572 0.003561226058748271 0.0 
6 33 1 77 4 2 2 1 18 10 38 1 1 1 1 45 1 4 5 8 1 12 99 1 43 12 1 1 11 17 27 45 78 1 17 10 1 8 10 8 1 1 8 8 1 1 17 13 1 19 29 96 40 1 5 22 1 1 1 57 1 4 10 35 1 48 19 1 1 12 25 1 7 1 8 1 109 7 52 1 7 7866172.697503443 7.901666474103516E7 8.00628673666049 0.003163070910284186 0.0 
1 78 5 16 91 1 5 1 9 4 1 1 76 1 73 1 13 1 1 30 11 14 1 1 4 1 1 3 24 29 1 61 1 9 122 13 19 2 5 24 6 1 1 13 3 1 2 91 1 1 27 50 1 1 1 1 1 31 1 1 11 1 1 1 1 7 13 2 19 36 1 49 1 80 15 7 90 2 1 1 1 8266257.235895068 8.41155698607647E7 7.270944040497217 0.0030552076328540278 0.0 
12 57 1 31 3 4 1 8 2 1 12 1 1 28 2 1 1 1 59 1 25 7 57 4 39 33 1 6 5 9 32 1 101 1 45 7 1 12 4 13 1 16 23 5 9 52 1 199 1 90 25 1 1 1 6 1 1 17 1 80 1 1 1 2 1 1 20 13 66 26 13 1 2 1 1 7 1 1 14 1 6 9221831.696768682 1.012086890018116E8 7.849692391243817 0.002248873824683878 0.0 
4 1 1 63 7 30 11 15 2 1 2 30 2 2 22 11 7 6 1 71 1 16 49 9 3 3 78 7 48 1 7 1 78 3 34 9 10 27 13 47 92 17 9 11 11 67 14 1 1 1 46 22 20 1 6 5 1 1 1 44 10 54 6 12 11 10 12 31 5 5 1 1 12 9 21 2 1 1 6 3 15 8669985.511638688 1.1877809277530305E8 6.997581557123395 0.003018435272228251 0.0 
6 2 2 76 1 13 65 12 1 3 9 44 7 97 1 1 4 1 22 1 15 19 2 4 77 7 11 1 25 4 7 24 30 1 1 2 11 1 10 26 3 1 29 1 17 125 1 46 1 21 5 37 1 8 1 6 9 32 1 97 6 2 4 86 12 3 1 1 4 3 7 9 1 17 17 1 34 8 11 1 7 8720509.432132745 9.415861687405965E7 7.13140412051392 0.0029556837924267216 0.0 
11 29 1 62 6 1 3 2 1 10 34 6 1 1 24 117 4 12 1 11 1 10 29 1 46 12 1 3 16 1 47 19 4 1 19 1 1 8 10 9 1 4 40 2 4 1 17 1 1 24 1 161 29 1 8 23 2 40 4 52 1 2 10 14 1 47 5 1 2 1 19 6 5 1 1 1 108 6 95 1 14 8102069.2237910535 8.851537257007937E7 7.535541493337487 0.0029643658316001764 0.0 
1 1 1 1 15 1 1 21 1 38 14 37 50 22 31 36 1 1 1 5 3 55 89 47 63 1 3 1 1 80 6 50 199 22 5 1 1 1 21 1 29 4 1 1 1 9 35 10 1 1 1 7 1 9 14 26 1 9 8 1 10 6 11 1 1 26 5 1 1 1 32 57 1 36 3 3 1 25 1 28 1 7769639.320428061 4.427209921348949E7 11.599074530089581 0.003001272348342856 0.0 
1 1 18 1 1 23 3 1 36 1 22 14 1 6 18 11 13 20 5 1 1 65 10 2 9 3 1 3 23 1 1 50 83 3 45 1 14 35 1 18 15 16 1 2 3 82 139 199 6 7 17 16 7 2 2 1 2 1 1 5 10 8 1 46 1 1 3 23 38 9 24 44 1 1 1 5 1 9 17 3 1 7735849.624452608 5.094874656856703E7 10.069953305241178 0.0028777052337727155 0.0 
4 1 1 12 1 4 5 25 1 17 36 2 19 1 2 41 1 1 15 59 19 64 29 6 37 44 23 3 1 9 2 13 104 14 23 2 3 9 5 1 13 9 11 4 21 1 12 63 8 54 14 75 3 4 8 17 31 22 4 45 1 21 28 40 1 29 8 4 1 40 1 1 4 29 3 8 3 15 31 1 3 7277931.573614598 4.162539956387156E7 10.279408699683128 0.003690320798540846 0.0 
12 1 10 54 8 25 2 14 3 16 4 14 43 1 104 1 16 12 1 9 6 15 17 17 1 63 1 17 41 12 30 56 1 15 1 1 22 1 73 1 1 36 1 5 1 1 76 16 24 1 110 1 1 9 1 1 17 1 6 1 15 6 1 55 7 14 1 53 9 68 4 10 4 13 7 15 2 1 1 9 5 8381740.719431058 6.932623609680295E7 7.151838694971775 0.0037919260111909264 0.0 
1 1 3 1 3 1 1 5 19 4 11 15 27 11 28 1 9 1 21 1 16 26 1 1 15 1 18 2 14 13 7 14 164 6 17 1 11 14 1 1 1 21 49 12 4 74 1 180 4 28 11 111 78 11 1 1 10 1 12 14 1 1 19 56 3 10 4 1 11 42 31 11 1 7 1 1 1 1 9 1 5 9121509.212037914 1.0495553284469055E8 7.401480570545166 0.0022814237388592827 0.0 
1 10 4 49 6 101 1 5 11 1 2 20 1 4 1 1 22 6 2 2 9 1 45 20 20 1 69 25 96 12 1 15 5 7 1 1 4 1 17 29 31 18 93 1 6 3 30 1 19 12 84 1 11 3 1 1 48 38 2 23 50 1 126 1 12 2 1 11 1 1 16 1 1 23 3 2 1 1 1 4 8 8913261.56364186 1.3041051156213735E8 7.253037344545133 0.0023555466578673687 0.0 
11 1 14 9 6 10 5 22 2 16 21 1 18 4 5 41 1 1 7 55 19 59 5 1 33 39 3 10 14 10 1 72 112 2 76 10 14 5 4 1 1 25 1 4 18 22 11 69 5 54 18 1 7 5 8 17 15 13 12 1 44 18 31 33 6 34 1 3 1 17 1 5 1 2 13 1 28 17 39 2 3 7440633.770951011 3.5034456988605745E7 9.792086363245145 0.004218179101227446 0.0 
1 14 5 48 8 104 1 1 11 1 1 20 5 1 1 7 11 6 1 1 2 1 45 1 1 1 67 24 92 14 2 1 12 1 1 1 1 1 15 21 1 9 133 1 1 1 33 20 23 14 102 1 2 6 1 1 39 43 1 17 48 4 132 1 11 1 1 9 1 7 13 4 1 24 1 2 59 4 1 5 3 8796470.601703696 1.3247366299539295E8 7.473648876093914 0.0025036637042328163 0.0 
9 35 1 72 1 11 18 16 1 1 1 1 41 24 80 1 1 1 3 1 1 11 79 4 68 10 1 1 1 1 10 1 8 17 59 2 1 1 1 6 19 8 38 6 7 18 32 1 1 50 1 78 1 1 3 8 30 12 1 37 17 7 13 1 3 122 3 1 14 9 9 1 11 11 8 1 113 1 1 19 28 8975135.763958616 8.542829333527316E7 8.28086625485394 0.0023847868332527366 0.0 
1 1 1 52 4 1 5 5 2 3 5 5 1 1 44 34 6 1 4 1 1 7 90 7 15 4 9 12 37 10 15 24 93 1 14 10 9 1 10 1 113 13 25 12 7 49 1 71 1 12 11 22 40 2 5 5 1 1 6 28 15 11 1 37 4 50 23 1 1 19 15 7 7 6 16 2 86 1 72 1 15 8603154.475577852 1.340297677604844E8 7.576985656523903 0.0026858937528198147 0.0 
12 2 4 32 1 1 8 10 22 28 47 1 31 38 8 18 1 3 1 34 12 35 1 2 1 57 6 2 1 12 1 6 13 5 5 37 1 40 1 2 160 2 108 12 9 26 13 21 19 8 31 13 3 1 2 2 21 26 2 41 2 1 5 21 28 28 2 12 1 42 20 1 13 5 5 1 2 2 94 8 1 7215965.42267744 4.7617299127404444E7 8.850524220025758 0.003849869474451105 0.0 
1 39 1 4 1 1 50 14 1 29 1 41 12 14 32 1 9 7 5 54 1 59 14 4 52 91 1 1 4 1 40 13 41 5 1 28 2 11 22 2 105 7 3 6 3 3 2 4 27 14 1 20 2 1 18 32 19 10 18 1 11 26 12 1 11 3 14 58 22 40 13 1 3 26 7 2 1 5 39 5 24 7094826.959723701 4.964151183270889E7 8.88728757857597 0.00376643492514254 0.0 
7 1 1 1 2 1 73 1 1 40 71 3 1 1 49 8 1 2 19 26 1 8 22 1 36 1 47 11 31 6 11 1 73 1 1 26 1 18 23 16 64 1 83 1 46 17 1 1 2 3 1 67 1 7 1 1 1 90 1 99 1 1 1 3 5 5 1 1 1 3 29 1 1 1 1 5 66 9 79 1 1 8179915.386781409 7.179491083417526E7 8.86186913486596 0.0026799494015125698 0.0 
4 1 1 1 5 7 1 1 24 127 4 7 1 1 24 28 6 14 12 1 2 42 1 1 1 19 8 20 1 9 1 13 199 1 1 45 1 1 55 13 62 4 20 1 1 199 29 5 1 1 18 101 9 1 1 1 7 43 1 1 16 1 1 1 1 1 1 1 1 3 45 4 8 14 1 1 1 14 15 1 1 8351305.729586394 7.56412099927648E7 8.378148960602482 0.002542777949603257 0.0 
46 10 2 1 1 1 1 1 1 8 1 85 1 52 11 58 17 1 15 7 20 1 1 99 33 1 1 1 61 1 8 1 1 14 15 15 1 1 2 1 1 56 19 1 1 122 1 157 1 9 1 1 20 3 1 22 1 25 1 7 28 5 1 1 21 63 1 1 48 1 26 1 1 1 1 13 9 5 31 1 16 9062031.001042275 1.3729647682802403E8 7.004131708135834 0.0024637057768518733 0.0 
1 1 5 2 10 10 12 3 4 143 1 67 1 1 1 24 12 1 1 51 13 1 1 29 34 1 26 10 48 3 14 13 54 6 15 1 3 25 39 25 22 9 1 1 1 17 1 1 11 99 143 1 1 11 8 18 68 10 1 1 20 6 1 42 1 1 8 13 4 37 3 10 1 1 12 9 1 1 1 28 1 7519558.066517502 3.664580847430475E7 9.39259232221842 0.003605400225383451 0.0 
3 21 2 5 11 5 1 1 5 114 1 49 1 37 42 44 1 13 1 1 2 1 38 2 1 5 1 20 35 40 1 1 142 1 6 38 2 1 4 12 62 1 56 5 11 37 21 4 9 4 16 101 14 4 1 4 2 46 20 39 1 7 6 11 6 9 3 5 1 14 2 8 9 17 7 2 39 11 1 10 4 9482473.434198229 1.2401407851565796E8 6.6808321572055585 0.00300463670070648 0.0 
1 4 4 1 1 2 3 9 25 1 1 1 1 7 42 9 1 1 22 1 1 1 2 1 1 18 1 11 18 124 6 24 55 1 27 1 1 34 4 1 1 1 62 7 9 77 99 109 4 1 1 20 29 1 1 1 9 76 19 12 1 1 90 1 1 10 1 35 1 87 58 6 6 6 1 1 1 1 2 12 20 8995892.606867542 1.1218717221169055E8 8.043037310868694 0.0022534063522776176 0.0 
1 2 7 1 23 1 13 1 6 3 1 5 17 1 16 1 1 21 10 1 2 5 9 1 1 12 1 13 17 23 4 3 23 2 6 10 12 14 6 12 53 8 148 1 21 113 1 1 19 10 2 17 14 1 6 5 20 5 17 77 1 2 84 28 7 68 8 4 5 26 15 12 7 29 15 9 74 5 68 17 16 9198252.770007944 1.6024348271196315E8 6.9275908739465 0.0022129042065738977 0.0 
12 57 1 31 3 4 1 8 1 1 12 1 1 29 2 1 1 1 59 1 33 2 52 9 39 33 1 6 5 10 19 1 101 1 45 5 2 12 2 21 1 16 1 5 9 52 1 199 1 94 20 16 1 1 2 1 4 46 1 84 1 1 1 2 1 1 10 13 66 19 13 1 2 6 1 7 1 1 14 1 6 9304457.34029791 9.750262585713355E7 7.345894646132893 0.0021885369552447835 0.0 
39 27 20 1 14 29 2 27 1 14 4 13 20 15 1 1 4 23 1 28 7 32 2 31 68 27 1 17 13 25 1 23 32 4 9 20 9 1 8 1 7 38 1 1 9 12 1 20 3 2 28 52 57 10 43 52 58 16 41 18 1 4 1 1 3 20 17 7 25 30 18 33 7 1 31 15 7 11 1 15 1 7341507.551626747 3.917824713723163E7 10.168304052619584 0.0046949838296673025 0.0 
9 1 17 29 2 1 10 8 1 42 78 1 7 12 57 1 1 1 1 1 1 82 15 9 31 1 76 12 1 12 9 18 107 1 10 1 1 2 44 5 1 3 1 1 23 183 1 7 1 28 1 17 1 2 6 5 27 92 1 47 1 1 14 1 1 5 3 1 2 27 16 1 1 9 1 10 8 34 1 1 5 9107113.551722294 1.2832019730555941E8 6.737435322664204 0.002607481038736833 0.0 
12 6 2 4 1 5 1 1 1 1 5 18 7 66 12 70 5 1 1 18 36 9 14 37 1 27 7 15 1 1 14 15 1 1 13 3 1 10 1 13 1 26 36 1 1 103 6 116 1 15 64 159 1 3 12 4 4 35 1 2 13 4 22 103 6 91 1 1 2 14 1 7 1 2 8 3 1 11 1 3 1 8943202.489086092 9.650769065031675E7 7.356827674627513 0.0024794116752707937 0.0 
1 1 1 49 1 1 16 44 7 1 1 30 1 1 29 1 6 18 1 1 1 1 67 1 43 19 27 1 2 1 1 9 1 1 52 1 1 9 22 1 22 1 1 6 31 1 34 1 1 1 17 20 2 1 15 1 1 32 4 17 62 1 1 118 1 68 32 84 30 10 2 87 12 1 1 10 114 2 5 1 3 9461792.529946111 1.9568547694208023E8 8.475637216394915 0.0018199523194090742 0.0 
1 1 4 1 6 1 1 3 21 6 1 19 42 21 46 1 13 2 24 1 20 1 1 1 1 2 1 1 10 5 16 30 168 1 46 8 23 12 1 1 5 7 66 4 70 1 7 199 4 21 1 1 127 11 3 1 15 8 6 4 1 1 10 1 3 45 3 1 36 42 37 1 1 7 1 1 9 7 3 3 10 9464566.304465182 1.2798105556375979E8 7.198560419263092 0.0022188567187575114 0.0 
1 1 8 11 13 47 1 8 17 1 1 1 1 1 1 1 6 1 13 1 1 1 7 27 9 1 44 16 30 26 15 1 99 1 27 10 4 1 1 28 49 21 8 11 17 1 1 8 14 93 196 34 11 1 1 11 94 36 1 16 1 17 1 1 1 6 24 1 1 69 1 8 1 1 1 7 63 11 43 1 1 9170105.012287982 8.617411471490017E7 9.144878871320431 0.0021622097421083396 0.0 
2 1 1 81 1 39 10 14 1 1 5 39 1 6 20 11 1 1 7 19 1 24 52 1 52 3 7 1 1 1 5 22 144 1 7 5 7 14 1 1 1 1 41 1 1 20 14 199 1 8 1 1 4 1 1 2 10 63 1 9 5 8 1 46 3 4 6 1 15 48 1 7 16 8 14 5 81 9 67 5 3 9003768.759475471 1.1084642390455875E8 7.044328264153551 0.0022646256164440253 0.0 
2 1 5 7 12 160 2 30 14 11 3 25 8 1 1 1 1 5 3 40 11 28 1 2 36 1 52 15 8 14 10 24 65 1 61 11 1 39 3 4 9 2 1 11 9 33 1 17 1 6 131 20 6 3 7 4 45 1 6 1 1 22 1 49 1 18 5 1 4 69 5 5 9 33 1 9 41 7 6 1 3 9241465.862008289 1.3089532161837357E8 6.724972537112586 0.0027853070800585465 0.0 
8 1 1 67 1 1 10 2 4 1 24 42 1 11 22 54 11 9 7 14 1 1 61 3 59 1 4 3 2 1 5 1 109 1 8 4 2 1 1 1 136 5 22 1 10 1 1 107 1 1 1 4 18 12 1 21 10 97 11 18 1 1 4 4 3 1 1 22 12 29 5 13 11 1 1 1 86 22 72 5 13 8853022.366525428 6.5952043307210945E7 7.251197400548786 0.0029385724885239795 0.0 
14 52 4 1 1 1 1 3 14 5 40 1 6 21 1 21 1 5 12 23 2 75 1 1 3 6 1 6 28 6 1 48 199 1 8 1 1 34 7 1 1 21 5 1 22 1 42 1 21 2 37 197 1 6 6 1 65 1 5 1 5 5 92 1 1 1 1 1 5 75 17 1 4 18 1 5 1 9 1 1 6 9526002.156991499 9.494027537617815E7 7.321384875939023 0.0023639518183690648 0.0 
5 16 2 87 3 11 76 2 1 3 1 18 11 70 1 45 4 1 1 25 12 11 1 5 55 6 5 9 36 2 1 19 64 1 1 1 8 1 11 19 1 1 15 3 13 81 4 52 1 1 10 1 1 9 5 7 4 33 7 112 5 2 1 108 11 1 6 1 2 1 3 7 6 10 23 1 85 7 2 15 25 9150320.836392682 1.3962170414260602E8 6.542145196420774 0.002655746650575242 0.0 
8 7 1 80 9 2 3 1 10 68 12 14 1 1 34 1 1 6 1 35 9 12 19 6 1 6 1 8 1 1 14 3 174 16 37 46 1 5 1 1 141 13 36 1 1 78 1 1 6 31 29 1 1 3 3 1 1 23 1 1 1 1 1 27 1 6 1 2 1 11 21 19 7 10 3 1 45 1 117 8 1 9342748.222972652 8.729260121953844E7 7.44859625041706 0.0027084816158191765 0.0 
33 1 17 6 4 7 1 1 18 2 8 55 8 67 5 63 1 1 28 1 7 9 1 12 1 1 26 5 4 11 4 1 112 1 3 8 7 4 1 4 173 18 48 1 16 86 4 1 11 7 2 13 25 3 3 9 15 12 1 4 15 1 20 13 8 1 1 20 4 1 10 8 1 1 47 2 1 6 120 15 28 8995061.034624018 1.2308778265683249E8 6.657000870068039 0.0031714607125024516 0.0 
34 6 18 1 4 7 1 1 22 2 5 61 8 73 5 36 5 1 31 1 6 1 76 14 1 1 24 4 1 10 12 1 109 1 1 8 8 1 1 2 199 16 54 1 1 86 1 1 14 3 3 13 27 3 3 10 16 12 1 1 13 1 21 1 9 1 1 21 1 14 9 1 1 1 52 1 1 6 58 16 31 9434082.122380065 1.3842271802930653E8 6.726807956684254 0.002691595259250933 0.0 
7 14 6 49 80 4 10 1 9 3 13 23 47 1 49 1 1 8 1 12 12 14 1 5 1 3 1 4 22 1 1 15 55 4 1 1 14 4 9 23 1 20 1 7 1 5 26 199 1 5 1 10 6 10 1 4 14 1 5 15 97 1 5 93 4 1 3 53 1 36 1 12 9 6 23 1 94 1 1 17 8 8777703.466926446 1.2531735846574238E8 7.802424510178666 0.002345307526549284 0.0 
12 10 1 1 2 11 3 71 3 19 12 13 4 113 23 34 1 6 1 23 2 1 1 1 69 4 10 12 34 48 3 22 32 1 9 7 6 1 7 1 88 1 5 16 7 46 6 18 6 8 1 74 1 12 6 1 73 1 1 71 6 32 28 1 1 50 1 8 1 33 17 7 4 18 1 4 1 6 1 16 22 7168925.4073273735 5.187306319488816E7 8.499563746604315 0.0039094238811463984 0.0 
1 5 5 29 24 4 1 1 1 1 1 20 18 1 15 1 1 22 12 1 1 1 1 1 8 13 1 5 26 17 9 1 37 1 5 9 9 33 1 1 83 1 139 1 14 63 1 81 19 3 3 1 16 1 7 1 20 1 14 44 16 2 84 19 7 68 5 4 5 14 6 12 7 29 14 8 78 3 65 21 18 8991360.602550592 1.5105974183986235E8 7.025011875793054 0.0024728735334484803 0.0 
7 1 1 60 1 3 9 1 8 1 25 39 1 10 20 50 25 9 9 1 1 4 58 4 72 6 10 3 13 1 6 27 93 1 7 3 2 1 6 1 137 8 1 1 9 1 1 97 1 1 1 7 20 11 1 22 10 71 10 18 1 1 4 1 1 1 3 31 15 27 7 16 10 5 1 3 78 24 69 1 13 9391938.628877848 9.273103494524848E7 6.860417821799906 0.003161079095784407 0.0 
1 1 2 1 4 13 4 3 19 4 6 1 35 15 28 1 9 1 22 1 12 19 1 1 15 48 6 2 7 10 7 7 199 6 9 1 15 14 1 2 1 21 1 12 7 68 1 194 2 21 11 42 80 7 2 1 10 1 12 33 1 1 11 86 19 11 4 8 10 1 28 1 5 12 13 1 42 1 1 1 1 8809246.53546919 1.0408115145136383E8 7.309372630242616 0.0024213180763456134 0.0 
4 1 1 29 15 43 2 6 27 39 18 11 9 3 6 31 1 1 14 1 1 36 95 32 51 1 24 10 28 21 11 12 1 10 8 9 1 11 8 27 13 1 26 3 19 33 94 1 1 16 72 49 10 4 1 1 1 30 6 1 1 3 19 12 1 80 22 12 1 28 6 1 1 1 2 1 66 2 43 1 7 8250681.330656999 1.1942731173786855E8 7.163846499682413 0.0033861719337677106 0.0 
1 1 1 103 1 44 3 7 22 3 25 38 7 17 10 23 1 6 27 3 4 1 4 25 1 3 8 15 32 10 4 14 2 1 1 1 11 19 44 6 1 9 1 5 9 98 10 60 2 16 1 188 1 5 1 1 1 1 4 1 1 23 1 39 3 3 4 4 4 1 22 63 10 6 30 10 109 8 10 1 1 9608394.641430492 1.611791393538281E8 6.389737444798747 0.002646810872418527 0.0 
1 1 5 11 14 43 1 16 24 5 10 5 21 1 1 26 6 14 17 6 14 114 110 1 10 1 84 17 16 53 1 54 199 1 1 1 12 29 70 7 2 1 32 3 1 12 83 20 13 17 1 1 1 2 1 4 1 25 13 1 4 1 1 13 1 5 16 1 1 1 1 1 1 4 1 5 1 63 1 3 1 9520627.612489447 1.3571218465438783E8 9.015476040877223 0.0019129579898643277 0.0 
1 1 6 148 1 43 18 1 8 14 1 22 21 11 1 1 30 14 1 25 10 14 47 1 16 1 14 1 1 1 1 57 1 3 27 1 15 23 8 1 1 5 1 4 1 101 132 180 7 2 21 1 1 1 3 1 1 1 1 9 10 8 10 166 1 7 1 1 6 1 16 6 1 8 1 1 1 1 1 1 1 8887616.689268364 1.1459997237681429E8 9.670749275979862 0.002101009059398535 0.0 
3 10 1 1 6 1 1 11 10 14 36 6 20 6 75 1 4 1 16 1 1 15 82 2 1 72 106 9 7 13 38 17 1 15 1 2 1 1 73 7 1 7 42 1 1 11 42 1 20 10 13 1 8 1 1 4 17 26 7 1 6 2 125 55 2 1 5 64 1 76 16 1 2 13 7 10 8 9 1 2 8 9448018.429300847 1.7900321095299262E8 6.017044463056692 0.003378727221351817 0.0 
5 1 2 79 3 10 68 5 1 15 8 25 6 27 1 48 4 1 1 22 11 10 4 5 48 7 12 6 37 1 4 23 57 1 1 1 12 1 11 17 1 6 14 1 19 137 1 47 1 1 9 51 1 9 1 6 4 30 5 99 1 1 1 100 10 1 6 1 4 1 6 6 1 14 19 1 77 8 11 1 1 9065909.783036808 1.542559108954087E8 6.823629049448762 0.0023592407948829935 0.0 
21 1 1 95 1 22 3 6 34 1 14 5 3 1 1 7 6 1 24 1 1 1 5 25 1 1 1 13 17 3 15 84 4 8 1 1 40 1 92 1 9 18 1 20 5 1 20 1 6 1 1 22 4 3 1 1 1 29 11 1 15 20 1 32 4 114 22 29 1 1 1 45 13 6 16 2 184 28 42 4 14 9450946.681635436 1.8118068030626047E8 7.220733520306467 0.0020969719994151773 0.0 
1 1 3 52 1 1 1 2 11 24 5 31 14 34 1 26 28 1 13 1 24 1 27 53 1 1 33 1 42 7 3 12 1 1 20 7 19 2 1 19 10 40 25 3 20 55 3 1 17 1 1 8 50 3 1 4 45 8 6 35 45 1 1 30 18 1 1 21 1 9 3 4 16 11 26 5 148 7 87 2 17 9067132.89372657 1.751697205116641E8 6.539340936245687 0.0030231266347036743 0.0 
12 27 1 82 4 9 3 2 15 8 9 11 5 18 23 105 11 1 3 21 6 1 1 2 64 9 8 1 15 12 12 51 39 1 7 8 1 15 7 1 42 5 1 1 6 34 13 1 1 10 3 1 27 8 1 23 1 31 7 31 1 1 64 75 5 74 12 1 1 21 12 1 10 1 4 1 109 7 19 1 21 8906954.462144 1.5969847099323484E8 6.5557346743480105 0.0037573531397379527 0.0 
1 57 1 1 1 1 1 16 3 1 38 1 1 34 1 1 21 1 1 1 24 34 27 38 6 2 4 16 41 1 1 11 12 12 1 1 24 1 17 18 1 70 1 1 22 70 4 69 40 1 1 8 15 13 1 1 71 1 14 2 91 1 15 98 11 8 12 14 4 59 6 1 1 23 15 10 33 1 31 9 3 8491990.719287924 1.4183572129932624E8 7.844301654573398 0.002563444313831588 0.0 
15 11 6 49 2 2 5 8 7 107 1 30 8 63 27 42 12 7 13 9 9 88 172 7 1 3 4 6 32 7 16 17 154 1 3 65 7 1 9 7 43 13 26 7 1 7 12 1 8 6 8 1 16 4 1 9 13 37 1 12 14 1 1 1 3 16 6 3 1 1 1 1 2 4 6 1 1 8 1 1 15 9281798.519660842 1.4914011403313497E8 8.17478551042731 0.0018726486884254163 0.0 
10 1 33 1 1 1 1 40 11 13 1 5 6 5 1 1 8 5 15 1 10 1 1 33 33 1 21 21 107 1 1 62 1 1 36 2 13 14 1 1 1 15 8 15 83 186 1 10 1 1 1 6 8 7 1 5 1 39 29 1 1 78 1 1 1 6 17 16 18 1 9 68 1 45 13 13 85 8 7 1 3 9205403.322218664 1.9316332716402006E8 6.718620382330392 0.002330125803574586 0.0 
7 1 1 2 1 1 1 3 2 1 5 1 1 1 36 41 10 1 1 18 31 10 23 33 1 22 9 21 1 1 24 36 7 21 17 4 1 10 1 12 2 31 1 3 1 104 78 119 1 17 55 176 7 1 12 1 1 25 1 1 10 6 16 96 1 88 1 1 1 33 1 1 1 1 5 4 1 7 9 1 1 9721201.574257381 1.2961789314486647E8 7.9072859973733705 0.0019870881360421868 0.0 
10 5 3 62 6 4 10 1 2 3 17 30 24 1 60 1 4 5 12 17 2 1 44 1 55 2 11 6 36 6 25 15 43 2 7 23 10 1 3 1 54 1 20 1 1 13 23 95 1 7 18 10 16 11 1 18 12 1 8 22 1 2 17 78 2 5 9 19 23 61 1 12 10 3 4 1 155 1 5 4 11 9357712.550230283 1.6491488850259855E8 6.427827350391901 0.003190575987124247 0.0 
1 7 1 42 8 6 5 1 5 9 1 33 17 1 3 4 2 2 2 1 1 1 3 21 1 12 67 1 1 26 11 6 1 1 1 1 7 6 13 8 21 4 28 8 19 1 3 119 2 7 28 1 119 15 1 6 11 1 27 32 21 3 4 1 29 1 26 5 12 27 6 102 3 13 12 7 199 4 60 1 10 9756511.603962922 1.4638963526389742E8 7.071762829583575 0.002112786995991416 0.0 
2 3 3 1 7 1 1 1 5 75 1 9 26 2 17 2 1 21 9 9 10 6 6 4 1 11 1 16 1 27 5 10 19 2 8 10 11 14 7 7 48 8 156 1 24 102 1 8 30 1 2 15 1 1 6 7 20 5 18 2 2 2 87 26 6 66 9 4 4 25 9 10 21 1 14 8 67 5 61 18 56 9574226.081803622 1.855460989684524E8 7.033871793634912 0.0020431670696659868 0.0 
1 7 1 1 1 13 15 45 1 16 44 9 22 6 5 9 1 1 11 1 16 31 4 23 1 20 72 21 5 41 9 7 175 1 1 7 1 5 9 2 83 12 1 8 101 65 9 1 1 1 1 1 12 8 1 1 14 102 1 10 32 1 1 20 1 2 1 1 6 41 5 1 5 50 1 15 12 30 7 1 6 9323130.648221478 1.6832674087630528E8 6.514607810645971 0.0028053277683753723 0.0 
1 3 1 52 1 1 5 5 9 2 8 25 1 68 12 31 24 1 4 6 20 1 29 53 1 1 1 5 40 8 3 15 110 1 1 7 19 2 19 19 2 41 9 3 6 55 3 1 16 6 1 1 50 4 1 4 35 10 10 66 47 2 1 33 18 1 11 19 1 9 5 4 14 11 26 5 79 1 87 1 15 9619572.003510151 1.8849943152612665E8 6.5157271050791365 0.0026080019890129358 0.0 
27 29 44 22 9 31 46 2 4 11 13 1 24 28 22 17 1 1 4 1 3 43 30 36 27 53 23 1 10 4 2 11 23 1 6 2 1 1 2 1 40 23 29 3 18 16 32 4 1 37 33 23 43 1 4 37 22 64 15 10 1 3 35 12 4 13 12 8 22 1 2 42 1 25 34 1 8 23 3 14 4 7422980.475444846 3.761813575371754E7 11.752667092229402 0.003988198845985215 0.0 
1 11 2 49 1 1 2 2 4 77 12 5 7 1 25 1 3 1 2 1 1 1 1 56 1 4 1 28 26 15 1 36 8 74 44 4 9 1 1 17 1 37 1 3 7 1 1 71 1 12 10 3 60 1 5 5 1 8 7 7 15 11 1 66 18 137 24 1 24 2 9 26 5 6 16 7 86 3 69 4 15 9798870.6025834 1.755304134738616E8 6.201225842444831 0.0024054770656493697 0.0 
14 24 13 1 1 26 1 13 2 1 1 11 71 11 23 1 1 4 5 10 33 12 8 4 34 10 33 14 42 38 15 1 18 20 33 61 24 3 1 1 114 10 27 1 1 1 1 5 15 1 6 109 1 1 1 7 36 19 1 1 7 4 1 36 1 39 9 1 6 22 5 34 17 60 1 14 1 3 5 19 46 7398841.088015122 3.730720590508427E7 24.864866137579828 0.2307364329522844 0.0 
7 43 13 32 4 28 1 96 9 50 6 8 1 1 14 6 4 13 1 1 15 1 1 4 27 7 65 17 9 29 5 1 2 16 4 1 3 9 11 20 60 1 10 11 12 63 11 4 10 1 29 46 1 12 2 13 31 1 2 42 6 1 8 19 1 48 23 9 34 10 11 68 3 72 2 9 4 2 1 1 15 9981505.037543185 2.124027776660971E8 5.993030774975272 0.003118237297726268 0.0 
1 82 6 19 1 1 60 8 4 2 9 39 1 1 1 1 4 3 4 1 1 29 14 15 13 58 1 13 28 1 3 23 8 94 14 9 11 6 37 9 89 18 1 16 1 1 17 54 7 11 26 16 22 1 18 16 21 1 39 12 11 6 2 29 1 5 7 42 25 9 25 46 2 29 7 1 15 21 22 1 1 7122281.840332958 4.266710151251957E7 34.04733831783044 0.6653862169817083 0.0 
2 1 56 1 7 17 36 43 5 38 1 12 1 7 5 18 12 11 29 56 12 34 1 34 60 41 31 34 20 1 1 18 13 1 15 1 1 8 14 1 40 42 43 1 3 19 10 38 21 3 2 31 1 8 1 36 15 14 1 25 5 27 4 17 1 10 15 13 16 5 20 15 4 35 5 18 1 6 43 9 10 7156773.220168234 3.4490310580268085E7 108.01509870795626 9.538364980699637 0.0 
7 80 6 1 16 1 61 9 2 1 10 47 1 1 12 12 9 1 2 1 1 26 9 16 3 57 8 14 25 20 7 14 15 94 13 29 11 5 28 5 101 21 1 9 1 1 15 53 7 10 1 1 32 4 18 16 21 1 42 1 11 4 1 1 23 1 1 44 26 34 18 50 3 29 1 1 12 20 23 1 1 7046669.271175671 4.20335721916527E7 185.0799068511732 33.69887422348567 0.0 
6 9 2 20 2 1 40 17 15 24 38 10 31 10 1 53 1 1 1 90 6 63 2 2 23 49 52 1 5 1 4 21 48 15 6 10 4 9 4 1 39 4 25 1 1 5 11 18 18 15 2 62 19 4 9 22 28 59 6 1 6 23 40 38 19 32 10 5 3 31 2 5 3 24 4 5 1 8 33 13 1 7368932.412215147 3.365478526371272E7 159.03456946377733 22.88424150641932 0.0 
26 54 1 1 13 1 1 23 1 7 18 18 1 20 4 47 5 5 1 7 22 45 1 1 68 16 19 1 62 7 1 31 1 19 19 1 12 23 8 5 38 22 13 2 5 1 3 4 1 27 38 68 2 44 13 36 32 42 13 1 10 3 1 1 23 1 4 38 9 33 1 60 6 20 28 2 12 2 1 33 33 6977746.003495587 4.358488636343766E7 79.55354512463963 5.281873079239135 0.0 
1 108 14 1 1 47 2 56 1 32 1 9 6 1 1 6 5 5 3 1 1 4 5 1 26 8 37 17 102 1 3 72 57 4 8 4 1 1 1 1 1 10 1 1 7 113 1 77 3 1 8 34 1 10 1 5 1 7 30 1 6 91 1 20 1 5 22 19 18 1 9 68 4 45 2 13 1 3 1 1 2 9991408.476996712 2.2057120883325285E8 5.783202890216938 0.0027053001230148794 0.0 
1 8 4 2 3 1 1 9 16 1 1 1 3 4 75 6 7 2 1 1 1 45 97 4 10 1 12 1 39 17 23 4 21 10 4 7 9 1 1 1 119 14 10 1 1 49 14 18 3 13 26 1 41 2 1 1 1 1 9 1 10 1 78 83 1 86 18 12 1 57 28 3 4 1 15 1 129 1 11 1 15 1.028416384160943E7 1.9611826680088955E8 6.377960155569387 0.0021483358082698203 0.0 
1 1 6 163 1 40 16 8 13 70 9 7 5 1 1 1 27 13 1 22 1 74 42 1 14 26 13 8 38 1 2 29 44 1 10 9 7 1 8 6 44 7 12 2 17 1 119 1 3 24 1 10 3 1 9 1 1 1 1 8 1 7 199 46 4 1 1 1 5 19 1 5 1 1 1 1 1 7 4 1 1 9606075.845744072 1.5343410031915593E8 6.80820261615288 0.0017493831676707538 0.0 
#
