#
#   Running algorithm GDE3 on 20000000 nfe, with population size of 900.0, with de set to 0.9, 0.9, with 81 controls varying between 1.0 and 399.0 for cell (6,6).
1 42 26 1 39 22 44 1 33 1 11 3 46 1 19 1 24 34 1 1 63 12 1 88 89 35 116 1 1 95 99 1 1 98 84 1 29 127 1 1 132 206 10 70 18 1 43 1 66 1 1 1 1 22 1 1 1 1 70 19 171 13 70 1 42 25 42 1 1 47 9 1 1 3 1 99 1 4 116 1 51 7853267.035647309 7.388034196276829E7 8.254221810489199 0.003657983903780434 0.0 
1 22 29 31 1 18 1 11 1 11 1 1 1 17 84 1 37 40 1 1 101 45 9 32 54 45 1 1 8 1 1 1 1 1 74 29 32 8 17 1 60 40 49 62 87 25 25 62 37 1 1 23 1 35 19 1 45 5 105 6 109 1 1 1 1 35 78 14 399 13 195 1 24 60 1 1 12 1 1 208 65 8737464.875746178 1.3023188830499484E8 9.292475655391518 0.00242198341660364 0.0 
82 38 1 27 1 8 103 1 9 1 1 52 29 1 1 110 1 1 1 1 1 1 6 11 1 1 21 18 16 311 1 1 1 94 65 34 78 48 137 7 1 1 51 14 97 28 58 3 1 20 1 63 81 8 1 83 3 72 7 1 1 39 1 1 6 31 136 48 351 12 10 10 29 1 1 1 3 1 25 1 5 8351686.043539088 8.629929784159651E7 9.330439585030451 0.0028451422916003525 0.0 
1 19 1 19 4 49 44 89 1 91 1 80 1 20 37 1 1 1 1 1 1 1 43 1 4 1 1 12 22 9 195 33 128 1 39 4 116 183 34 6 1 1 39 1 31 1 42 1 1 8 118 35 72 1 99 1 1 189 88 1 1 110 43 4 1 20 10 15 100 1 1 34 36 3 1 95 1 10 1 30 117 7866559.780637636 5.655802376209983E7 8.828216471258294 0.0034383410370508777 0.0 
1 32 1 55 1 13 1 17 4 1 1 1 4 60 1 59 1 61 35 4 115 217 10 11 1 399 1 87 1 1 171 1 3 35 27 54 1 1 149 38 4 31 86 1 1 1 18 1 7 22 133 92 12 105 19 1 25 1 1 1 1 46 1 41 234 1 1 30 14 32 1 1 1 7 1 7 1 1 1 6 21 7840082.563844041 7.606175547198531E7 8.171509915310189 0.003279469282322876 0.0 
1 129 1 1 1 1 31 38 1 53 25 28 1 1 49 1 5 23 34 1 45 1 30 7 1 86 1 19 77 241 1 1 1 105 133 1 26 72 164 53 1 104 1 1 49 1 1 20 1 47 29 1 71 34 1 19 1 1 1 77 29 55 93 1 6 18 281 81 1 31 1 1 32 1 45 16 4 18 23 1 9 7768131.524765376 6.6430144576214194E7 9.189147962455024 0.00310604577015298 0.0 
42 1 1 55 1 1 1 33 33 88 21 14 17 30 1 1 1 93 1 2 115 72 9 1 18 46 1 1 36 1 22 1 3 35 4 1 1 86 166 39 54 1 1 214 1 1 1 78 8 1 34 75 1 69 17 2 1 134 34 1 55 1 1 67 283 10 1 75 1 16 31 94 1 1 1 127 1 1 5 48 1 7556132.106290092 4.580518054491061E7 9.861773973897717 0.0034434526757544225 0.0 
1 63 31 63 1 23 1 1 58 1 1 1 1 77 1 1 1 1 65 2 69 1 1 116 107 37 27 1 60 1 100 1 1 1 1 1 28 63 147 65 94 1 201 1 151 17 1 27 19 1 313 20 1 1 102 1 27 31 4 1 11 1 1 1 33 31 39 1 18 23 1 1 1 80 4 53 18 14 18 1 56 7756159.130004641 8.00683862569398E7 8.631175089193796 0.0033592085483258047 0.0 
18 15 58 1 28 7 1 151 1 68 1 105 8 54 45 57 14 12 1 40 1 4 4 1 14 70 21 6 1 13 168 74 30 1 82 15 65 73 20 1 42 83 147 36 55 26 42 119 48 1 1 1 21 5 4 1 46 1 34 1 1 25 1 1 120 1 1 13 73 36 1 286 1 1 1 1 18 1 1 11 1 8216457.66688139 9.033279716358209E7 7.971575546406412 0.0035449239717039484 0.0 
1 1 43 1 4 1 74 34 185 1 1 37 1 213 3 1 17 1 38 1 20 11 132 17 44 20 3 9 19 1 198 1 1 16 30 32 10 133 1 80 1 1 1 86 52 1 1 4 1 60 1 81 27 32 1 62 1 30 17 1 124 8 1 1 1 1 218 5 121 8 1 1 13 29 10 1 74 7 1 10 87 8457092.138606563 9.469627399939346E7 7.936959623745667 0.0034077220783944344 0.0 
23 17 19 1 45 1 187 1 1 63 1 3 97 1 1 23 14 63 76 1 5 102 1 11 1 37 16 39 14 1 15 104 31 147 135 1 1 31 36 1 42 63 1 1 203 1 1 1 96 62 1 56 15 71 1 64 1 64 1 74 1 32 1 1 1 30 3 64 1 56 3 1 1 35 1 1 42 1 111 1 36 8470179.54273853 8.744484321930589E7 8.118849180573731 0.003158039512104135 0.0 
65 14 119 63 47 1 1 30 1 2 45 22 1 1 1 1 1 58 51 37 1 1 1 26 56 75 78 1 1 109 1 47 21 2 34 1 1 50 1 68 145 85 1 121 1 123 1 1 125 82 1 1 1 1 73 1 2 12 11 30 14 36 1 18 128 104 77 62 43 77 1 14 34 40 1 1 1 10 40 1 13 7624395.260888714 7.382952735233696E7 10.907921318253047 0.003366713364666464 0.0 
106 1 116 33 1 1 3 34 20 21 1 99 1 1 1 1 1 23 29 3 51 1 4 1 1 84 47 1 77 1 112 6 1 91 104 22 1 1 296 1 46 1 139 28 72 15 24 48 1 6 3 1 170 4 29 3 24 1 4 1 1 79 1 1 1 1 99 24 1 1 34 36 31 1 1 127 11 1 67 60 5 8495832.164110241 6.4944708380612135E7 9.881881117583044 0.0029657721940017263 0.0 
32 1 2 1 43 11 167 45 10 19 65 11 42 11 11 1 8 1 18 89 1 53 1 2 31 4 178 34 2 176 1 12 26 6 41 2 18 139 115 6 18 13 25 76 1 25 1 39 21 25 1 64 10 46 67 1 1 53 19 1 1 1 10 1 3 17 8 59 42 22 389 12 3 12 1 4 27 22 35 1 10 9301166.139676362 9.771698174968252E7 7.137732363355006 0.0027717705873861413 0.0 
1 1 41 11 1 1 1 1 31 1 21 170 100 1 88 20 10 1 1 1 122 1 11 37 1 1 1 2 48 1 62 188 1 44 16 40 32 100 27 105 32 44 21 1 32 118 14 1 49 1 135 1 18 22 1 44 121 1 1 1 1 4 1 1 130 1 1 1 57 149 1 3 2 2 39 118 2 1 70 66 1 8491574.25268682 8.727554983893532E7 9.21026059065123 0.002575003741149156 0.0 
45 1 1 60 118 31 1 1 1 88 1 105 49 1 1 1 1 55 1 105 2 59 1 1 67 32 1 111 1 1 7 1 1 18 135 1 1 84 20 1 63 53 1 76 91 21 12 29 118 27 27 48 25 93 38 26 43 26 43 1 140 1 1 1 24 37 1 1 1 17 15 94 55 1 1 1 1 3 175 1 1 7607382.74304411 9.245009784388965E7 10.411760024579195 0.0033616355240322355 0.0 
91 65 1 27 4 14 90 1 1 1 1 131 1 1 1 71 1 1 1 1 1 1 1 11 1 1 1 38 1 28 1 1 1 85 171 22 74 83 157 29 1 54 152 1 141 1 59 59 1 1 1 46 98 24 18 12 1 72 1 1 102 13 49 1 7 36 228 41 100 1 10 1 1 1 18 1 3 1 5 46 1 8729494.040684601 5.9952820110838145E7 9.484723249403483 0.0031078789961454297 0.0 
1 1 19 24 51 27 1 65 10 4 32 1 27 1 117 1 1 169 1 105 43 1 23 43 1 96 27 37 1 1 27 1 13 102 1 1 31 47 78 1 230 6 71 48 1 32 11 190 1 1 51 1 57 1 35 1 143 13 110 1 1 1 45 23 9 39 84 70 1 2 1 60 1 1 6 18 1 1 1 1 66 7683528.435649204 7.00140683242876E7 9.62636246073035 0.003109533571121952 0.0 
1 2 36 15 70 126 1 44 1 3 1 1 27 1 26 7 105 23 114 1 1 15 1 24 52 112 54 1 1 220 1 29 1 15 54 1 20 1 1 32 67 51 1 1 1 147 1 112 1 4 1 101 25 1 31 1 7 41 129 19 1 4 1 17 89 17 1 1 210 1 1 77 58 1 22 11 13 1 8 1 109 8480375.60481204 1.172772099633871E8 7.979787063139062 0.0028830502784773673 0.0 
1 1 1 62 1 1 1 7 55 1 37 1 36 63 17 22 2 1 8 1 1 2 1 1 1 1 1 43 1 30 1 40 26 24 50 1 1 1 152 116 1 1 47 67 50 110 1 56 1 155 23 53 44 126 26 16 14 1 1 16 18 30 137 25 1 12 1 1 148 1 1 277 112 3 41 1 42 157 1 13 1 9531715.055099698 1.7644250597669974E8 10.37873194360853 0.002304733956974839 0.0 
23 16 1 1 28 1 119 3 43 100 1 65 30 1 1 52 5 23 7 23 1 31 63 86 62 32 55 111 56 164 91 8 38 1 1 1 1 42 1 1 51 8 1 1 1 1 59 2 24 1 57 39 1 61 1 19 1 2 3 12 90 1 259 1 89 6 1 179 26 1 1 47 116 5 1 18 1 1 2 23 1 7952907.748676642 5.9652004263160646E7 9.153902900443915 0.003427815569645423 0.0 
1 9 280 9 48 23 1 57 30 12 1 163 1 58 1 1 23 70 37 23 1 11 148 1 52 1 1 1 13 48 58 1 20 42 68 1 1 1 17 1 75 71 1 2 147 62 43 1 35 110 1 16 27 1 1 8 1 95 7 73 1 13 1 1 7 1 88 80 1 21 1 1 19 39 141 1 11 15 40 1 43 7874301.107031706 5.952730617767935E7 8.719633022031072 0.003460969474747213 0.0 
1 72 1 75 1 1 30 1 1 1 1 6 1 51 1 1 1 31 15 4 70 1 1 1 1 377 12 9 14 1 1 1 85 82 1 47 1 3 178 28 17 47 46 158 1 1 21 1 8 1 36 54 29 38 70 1 55 1 1 133 45 80 10 18 1 5 49 69 1 32 1 372 7 1 1 1 45 1 1 1 1 8097502.452001451 7.170364068939295E7 8.56146361273485 0.003332590979071327 0.0 
20 11 1 1 8 28 1 1 1 70 1 47 4 1 29 28 3 22 1 1 1 18 1 36 29 3 19 1 1 358 1 15 44 143 216 10 114 1 35 2 1 1 42 80 36 21 81 3 122 1 1 74 89 1 37 1 1 46 1 15 1 1 12 1 55 47 49 1 35 61 1 1 1 23 86 10 59 1 9 218 1 9006123.583431963 1.1548501720468852E8 8.06461041339634 0.002429751246551133 0.0 
8 6 1 21 10 1 1 73 77 32 82 1 1 6 1 1 18 22 1 54 1 13 31 20 57 92 34 36 1 154 67 165 1 42 127 82 268 1 22 54 62 35 1 66 1 1 26 135 1 1 52 60 1 6 19 1 8 1 1 73 59 11 1 14 29 10 44 98 1 57 1 1 1 17 18 36 1 1 10 21 18 8390285.175026063 8.310739929105188E7 9.376529626004618 0.002850798034885336 0.0 
1 1 1 137 1 1 155 1 21 1 1 100 41 26 15 1 123 50 32 1 1 2 34 1 121 13 1 34 75 399 56 1 11 1 1 19 7 117 57 73 54 35 93 49 1 1 7 44 49 61 21 1 6 1 1 18 1 1 1 1 45 1 1 62 40 1 7 1 35 1 1 134 1 1 7 1 1 36 1 132 1 8488974.562531661 7.473594875074326E7 9.759133523428059 0.0026947330348226282 0.0 
59 1 1 1 1 43 8 90 1 7 1 1 126 32 61 51 1 20 34 2 1 29 4 1 24 72 1 122 1 1 1 155 1 77 21 1 8 1 7 48 34 103 15 1 1 272 25 57 1 1 1 1 1 1 1 45 1 51 1 6 81 24 21 1 41 18 1 64 1 5 11 2 1 108 53 97 74 1 1 262 30 8398252.334813356 7.835852274386634E7 9.152430450064555 0.0028835001182792017 0.0 
1 55 1 1 2 49 41 15 15 43 1 1 33 11 37 1 1 114 1 16 48 1 57 1 5 1 1 1 1 72 104 1 1 1 70 1 1 237 6 39 8 26 157 1 1 1 1 2 130 1 27 1 1 71 1 50 55 40 1 72 1 28 23 41 1 3 243 1 361 1 1 1 66 4 1 116 25 1 1 1 1 8512454.21589865 1.1844123899769114E8 8.213621232581023 0.0028456110279297003 0.0 
1 5 53 126 1 39 87 10 24 15 1 4 1 1 10 1 1 43 54 1 1 178 51 24 1 212 1 5 20 21 1 33 1 119 223 1 17 38 54 58 1 18 1 157 54 24 20 1 1 1 156 1 46 43 4 25 54 91 1 21 76 34 117 2 1 1 1 38 86 1 5 1 1 1 42 1 24 1 2 7 21 8455688.446980124 1.0594048383807006E8 8.905779253139253 0.0028017513410509703 0.0 
70 5 1 100 14 82 262 1 74 15 17 16 60 1 1 120 1 43 16 8 42 1 73 1 53 73 1 1 129 29 88 1 17 1 11 34 17 1 1 28 1 160 7 1 2 1 52 1 1 1 1 160 1 81 4 38 46 1 1 11 80 1 184 2 1 1 100 1 65 23 10 2 1 1 11 1 1 1 17 25 76 1.008820230196048E7 2.2380680855175427E8 8.336772089362276 0.0018865693634968015 0.0 
1 3 1 1 1 28 1 39 69 97 35 28 4 5 29 28 18 1 1 17 1 29 28 30 30 19 1 33 1 119 61 121 1 54 300 83 1 1 54 1 1 1 42 30 36 1 103 123 11 1 47 127 89 5 1 1 6 37 1 25 41 1 12 1 1 1 19 34 1 43 1 1 1 2 101 41 59 1 1 236 5 8317258.90604288 8.16065413966254E7 10.06175697263692 0.0026865201647806925 0.0 
15 93 68 2 163 1 1 113 2 16 4 15 1 1 124 1 26 102 1 1 154 1 25 1 1 29 1 23 3 203 49 4 271 73 1 7 12 21 6 3 43 1 1 1 13 1 1 10 51 1 1 13 72 1 32 1 1 13 55 87 1 45 11 33 11 55 56 32 1 20 1 76 18 1 1 5 188 5 2 1 45 7777722.94550763 6.809473462569943E7 8.899492992103747 0.003415108341414696 0.0 
24 1 1 51 3 15 88 33 74 127 1 1 26 1 30 1 68 14 1 1 1 325 1 1 24 64 21 26 42 141 1 87 41 29 1 7 163 46 1 40 61 1 37 98 1 16 9 120 84 3 1 71 68 1 3 19 1 122 1 68 5 20 1 8 26 9 2 16 73 1 9 1 1 1 43 1 12 46 1 1 1 8034424.151243332 5.762049439734113E7 9.408142088716655 0.0032866568960107996 0.0 
1 74 18 1 1 88 121 38 43 27 1 95 2 1 60 101 1 1 1 1 70 13 64 1 44 1 31 1 1 32 6 62 19 1 8 23 1 131 1 21 65 4 1 115 1 79 13 5 6 172 29 1 119 39 1 5 33 137 3 65 58 1 1 11 44 72 26 96 32 1 7 1 37 40 27 1 14 1 47 25 15 7343670.299042302 4.6988241532203645E7 10.772271187831814 0.003920273313364303 0.0 
59 7 81 1 81 17 1 1 1 33 1 54 1 1 1 12 1 12 48 1 1 5 7 51 18 179 16 1 1 191 228 16 4 1 1 83 14 18 1 41 71 4 93 59 1 3 98 93 1 54 1 55 1 1 71 1 26 1 111 1 1 1 43 1 1 1 78 6 72 1 1 37 25 1 169 5 26 1 6 110 1 7912344.916220008 7.525932210321541E7 8.02939801027712 0.0036397718660631665 0.0 
1 7 1 1 1 17 1 30 1 58 26 1 1 94 81 12 1 1 1 12 46 89 1 1 18 60 112 1 36 1 154 1 19 44 101 19 1 37 1 8 34 1 48 16 1 8 177 83 1 54 1 61 1 1 4 7 50 1 85 7 121 184 52 3 51 134 92 1 1 26 13 37 1 1 58 5 20 1 1 144 1 7711613.64584935 5.649994126647877E7 9.369398878566429 0.0033203539884090368 0.0 
44 1 15 30 1 1 1 25 93 1 2 54 1 1 1 1 1 84 16 4 112 216 1 44 68 1 151 13 1 92 1 21 1 1 148 2 17 93 40 17 36 109 60 182 1 113 1 80 58 1 1 1 1 41 87 31 43 1 46 1 106 1 59 1 1 33 1 12 7 11 1 1 31 1 1 35 1 1 1 1 65 7394922.272779584 5.8004180679982156E7 11.611044578600364 0.003223482118429024 0.0 
1 1 1 120 1 75 120 142 58 1 13 1 1 62 1 1 103 10 1 17 1 1 34 1 1 62 6 1 60 1 9 62 1 77 34 1 83 24 39 76 75 8 2 1 1 11 1 75 1 1 54 1 318 87 122 19 1 40 97 25 1 48 36 19 1 4 1 72 1 12 13 1 1 1 6 1 63 94 2 1 1 8434121.031627826 7.784487833978751E7 11.34981011553489 0.0027282723753230334 0.0 
1 3 9 69 1 20 1 1 37 2 34 1 30 115 16 1 2 1 7 1 1 1 23 5 23 1 15 1 8 27 29 36 20 70 1 1 6 1 159 94 1 29 42 179 98 99 1 39 44 80 1 34 1 61 73 46 11 1 56 66 18 101 1 19 1 50 1 23 72 1 1 346 101 3 37 22 1 1 1 1 1 8229349.002797102 7.549599302241553E7 10.316245467336001 0.0028052039461947363 0.0 
47 37 1 23 1 1 28 3 93 1 1 39 1 4 21 2 114 1 7 1 72 17 21 1 71 47 10 1 1 1 1 132 24 1 64 2 5 3 26 1 18 66 59 30 23 1 129 147 20 39 18 158 83 32 49 55 1 2 62 8 17 70 10 31 1 1 56 1 1 1 1 164 46 1 88 35 135 1 1 1 26 7851814.82252041 7.762420941611968E7 9.10507840087493 0.002977282809645905 0.0 
15 92 1 47 27 46 17 1 16 1 1 1 135 28 1 70 1 11 64 46 1 86 1 33 1 1 1 24 38 40 53 1 132 54 134 1 54 30 1 1 1 37 1 1 41 26 91 1 34 16 27 79 1 103 1 133 1 1 48 60 1 59 7 1 26 31 2 41 1 74 10 35 116 15 66 14 34 1 23 17 12 8249760.899391972 6.232415718842561E7 8.48816345477703 0.004431979378988769 0.0 
61 25 4 1 14 22 43 18 16 1 18 114 1 1 1 13 78 47 165 1 44 1 20 32 132 82 27 1 29 27 146 69 136 65 1 5 70 1 44 1 114 1 1 40 1 112 194 1 24 53 23 1 1 1 1 1 6 1 51 61 5 13 58 1 1 32 13 84 1 1 2 1 105 10 58 6 1 1 1 1 22 8206692.16184027 9.200126863489763E7 10.199815493554231 0.0028686198758429912 0.0 
1 71 8 1 1 1 10 131 27 31 1 31 1 1 1 1 101 9 22 1 191 1 1 7 45 83 1 63 1 1 1 44 79 53 1 89 123 46 23 49 1 1 1 67 28 59 1 12 1 76 78 140 40 141 1 39 48 1 22 27 128 114 30 12 35 1 1 1 32 3 135 1 22 1 1 1 1 1 20 1 1 8189071.445743434 8.022677918647543E7 10.303648323983616 0.002743944060918258 0.0 
42 33 5 31 1 15 1 84 51 2 8 61 1 95 1 1 68 6 30 114 179 1 23 14 111 49 23 1 111 1 1 148 14 23 67 1 1 40 74 5 89 13 57 1 26 16 1 37 41 30 1 48 21 1 1 1 1 1 1 65 1 24 1 2 62 62 24 47 7 132 1 1 52 1 21 148 1 37 1 27 1 7465013.063273166 5.881574547842698E7 9.616124250333092 0.003725339011366414 0.0 
118 42 5 179 3 1 111 1 1 1 9 1 1 1 22 40 1 1 33 102 1 105 1 70 1 88 56 21 5 1 1 87 1 1 1 30 1 1 32 13 39 3 76 1 17 14 1 20 86 38 1 59 20 46 129 1 109 1 1 6 69 103 17 1 132 10 147 1 1 1 42 20 24 1 35 1 16 1 94 2 39 8366321.291396345 7.45637183299509E7 8.178715711235176 0.004014299334179326 0.0 
23 13 1 75 1 1 1 48 85 16 1 1 8 1 11 21 1 1 31 69 36 153 1 51 7 19 1 1 1 1 73 1 18 4 1 1 1 47 28 1 144 41 143 1 1 9 50 58 50 58 24 4 8 1 43 1 15 219 81 74 1 115 66 7 31 104 41 1 251 102 1 1 39 1 1 42 1 1 14 1 1 7630438.193864283 4.951800389844685E7 9.976474891927365 0.0029553765580200577 0.0 
43 1 1 23 66 25 7 139 38 1 20 1 1 81 54 55 15 1 1 1 54 48 45 1 65 1 5 1 1 165 1 1 1 184 1 1 44 25 105 53 30 1 64 64 1 21 17 21 1 32 1 21 38 179 50 20 18 1 81 1 57 1 1 8 65 83 28 1 106 1 41 54 1 24 1 6 1 40 1 33 57 7692196.017829297 7.393403596515867E7 9.249862078258314 0.0035226916547475744 0.0 
1 1 1 1 113 74 21 119 1 52 59 1 93 1 1 20 221 12 1 1 2 12 57 1 1 29 1 34 1 1 80 23 1 47 116 3 1 32 94 38 5 66 4 81 1 88 88 1 1 73 22 31 44 1 1 19 48 1 1 78 20 10 41 3 1 1 208 59 22 37 1 18 41 1 1 5 77 1 31 1 1 8719806.770343302 1.1330365095263961E8 7.607317626545041 0.0026011437623227676 0.0 
8 4 3 15 111 1 15 44 1 3 43 1 84 2 1 7 1 11 1 1 1 41 57 1 21 1 32 8 15 85 156 7 1 1 92 21 38 1 91 1 83 40 44 58 1 59 63 1 1 117 1 1 34 1 1 33 79 73 1 65 139 1 143 38 58 16 1 1 60 6 3 1 2 111 1 1 21 70 39 15 134 7808249.536154492 6.589052888019659E7 9.119653874086925 0.003428121108972813 0.0 
84 1 1 46 1 1 11 76 1 1 1 1 51 1 34 1 31 15 78 1 84 5 25 8 1 38 10 8 78 186 288 11 1 1 27 1 34 1 193 1 42 1 1 37 1 7 45 41 70 1 23 62 52 34 24 1 1 104 16 1 124 25 17 1 1 13 30 1 198 109 4 1 1 1 1 1 1 1 91 1 61 8345825.450299084 6.120266954747102E7 10.385696300648863 0.0027674792896173416 0.0 
90 1 62 3 8 8 1 1 92 33 25 1 1 1 2 32 1 79 33 2 14 1 16 48 113 1 1 90 59 94 86 30 1 1 59 77 18 7 1 73 1 3 5 60 1 40 94 44 7 1 189 85 5 1 1 1 1 1 138 27 1 28 1 1 1 17 149 52 1 31 20 1 9 138 2 7 14 11 45 70 39 8447316.196517253 8.630623552581044E7 9.087216361849498 0.0029145105638542176 0.0 
62 17 26 3 18 22 62 87 1 1 1 1 1 1 26 1 97 17 86 16 74 66 28 98 36 21 1 1 117 12 30 1 25 30 78 34 1 13 1 90 147 20 1 48 1 1 70 7 12 9 93 1 1 1 89 20 89 105 15 46 36 4 1 53 1 149 1 22 1 30 17 1 65 1 1 1 23 29 20 42 78 7189899.567982047 5.1213566648824595E7 9.726419305318503 0.003762118675463424 0.0 
1 16 21 12 1 1 1 1 130 23 8 12 46 1 40 1 1 21 23 73 41 39 1 41 1 24 17 1 1 46 30 3 165 1 197 39 40 75 130 1 1 1 108 1 1 1 24 1 1 1 93 1 1 154 1 109 13 90 52 1 40 78 66 3 1 1 169 1 24 39 19 170 6 11 1 12 10 1 1 14 35 7869711.9684046805 6.389675458479058E7 9.42481011385633 0.003010211836585567 0.0 
1 1 1 21 31 1 12 49 3 20 29 45 45 1 6 1 1 1 62 30 1 20 71 28 2 8 63 22 96 12 171 50 1 67 70 8 23 1 90 20 1 16 9 194 1 1 70 37 1 27 71 100 47 97 1 15 17 26 22 49 68 1 81 1 35 1 42 3 25 169 1 1 52 1 1 21 39 1 86 28 26 7436355.054623188 6.1884324896019116E7 9.859888410437739 0.0035807056662081455 0.0 
1 1 1 6 1 1 204 48 75 1 29 1 2 1 1 46 1 32 4 23 182 53 52 20 17 99 1 1 129 1 71 20 13 1 34 1 1 145 58 43 1 59 80 1 2 1 70 35 84 82 1 1 54 1 35 1 64 1 1 1 3 53 1 5 3 39 183 2 135 13 10 118 14 1 39 1 23 4 1 1 1 8466949.240089374 8.188939987674136E7 8.737943386626517 0.002635907119924645 0.0 
73 120 2 1 30 1 1 31 14 1 1 24 113 51 1 64 1 49 1 1 48 1 23 1 6 42 60 1 4 91 23 72 1 1 132 1 31 64 38 1 1 39 1 18 1 1 80 1 1 30 65 1 17 10 1 74 32 20 1 32 77 52 18 1 1 10 1 113 212 38 1 39 1 200 1 1 44 1 95 48 9 7475357.524794922 6.158397337702397E7 10.057165041375539 0.0036303275106418465 0.0 
1 1 2 27 167 1 1 1 1 1 29 17 118 56 60 136 95 31 9 1 1 19 1 1 10 1 118 1 30 1 56 1 2 1 82 25 1 115 10 98 36 1 104 1 1 1 1 51 82 50 133 46 75 1 85 14 54 7 1 1 6 97 124 22 1 60 1 35 26 1 1 1 19 1 43 1 1 1 133 1 1 8043190.650663589 7.12699112392679E7 9.818468349392548 0.0028966084585273465 0.0 
1 31 1 125 1 5 1 1 1 1 1 25 43 1 60 130 1 33 1 4 1 1 95 1 10 1 25 1 93 32 96 1 2 1 1 157 1 165 1 119 21 28 1 1 28 20 1 51 46 46 1 71 74 1 20 52 89 1 28 27 34 97 62 12 43 45 118 181 26 34 1 1 19 55 1 1 3 1 9 1 90 8453827.6964603 1.0610139925515746E8 8.560573278807858 0.0028947465577728333 0.0 
1 7 1 56 1 45 1 1 12 74 83 1 1 42 40 145 13 48 37 21 1 1 54 1 39 1 20 6 59 63 85 16 1 250 90 1 1 4 173 1 2 28 66 9 1 53 55 1 1 37 110 1 74 1 1 28 1 13 11 1 83 39 1 1 6 1 57 80 51 1 1 151 27 1 1 58 22 1 49 1 23 7599295.790786638 6.634576010344402E7 9.569601217606564 0.0034845423584907317 0.0 
1 141 1 7 67 16 1 8 25 21 3 50 1 1 1 2 159 1 21 63 2 1 41 1 59 1 1 159 26 1 112 35 1 6 25 9 19 1 43 1 35 23 61 1 131 33 1 1 1 5 22 34 1 106 18 1 69 14 186 3 45 1 1 12 1 44 28 1 34 1 1 1 37 7 306 1 1 128 29 1 27 9087659.48247986 1.408200658885978E8 7.549775572498796 0.003240824855469518 0.0 
1 134 17 172 1 22 1 9 1 1 7 24 36 37 1 1 1 1 4 1 1 7 5 1 26 1 1 26 63 11 23 62 1 64 1 1 250 111 53 35 1 46 1 1 30 26 65 31 10 25 166 31 141 93 49 16 26 95 22 11 33 81 1 50 23 1 1 91 91 1 7 1 1 23 6 129 13 1 50 1 1 8804270.091177523 1.1773241617495811E8 10.15206967413338 0.002383464669349118 0.0 
1 9 1 29 63 37 112 85 17 1 1 58 1 1 1 21 1 1 35 88 1 86 17 84 1 1 65 31 25 303 1 1 6 31 1 217 1 1 1 1 152 1 64 1 1 19 113 32 1 54 1 83 1 36 22 1 23 55 56 100 48 51 4 1 1 69 1 17 1 93 21 12 16 1 1 1 1 1 57 9 10 9109933.871172735 1.1282146452754895E8 8.093475051198416 0.0025338636488259837 0.0 
1 12 38 120 9 27 1 1 39 1 1 1 133 6 1 1 1 1 1 11 1 1 1 87 16 70 1 12 1 1 1 22 91 49 1 1 50 24 86 1 57 122 1 123 6 59 1 44 41 115 29 154 9 53 80 24 48 154 105 63 54 31 1 30 1 1 33 1 51 63 1 68 1 1 7 18 26 1 20 27 73 8507504.766688542 9.204521558125916E7 10.593955586776376 0.0024770402834062098 0.0 
1 26 1 121 3 27 46 112 179 1 2 112 1 1 24 1 46 1 21 1 1 14 89 1 17 33 1 1 1 1 1 89 10 1 50 144 4 67 1 148 52 56 54 23 1 30 2 4 1 2 1 50 13 1 2 1 95 24 1 133 1 178 1 1 1 51 84 29 49 1 1 1 49 72 34 1 2 1 1 114 1 8271777.024718775 1.062393974486474E8 9.444445779815378 0.0028059679330120764 0.0 
4 226 2 1 127 1 1 1 20 119 1 45 1 1 11 1 155 2 29 61 6 1 1 1 41 15 1 117 1 15 128 55 21 8 124 1 1 17 48 28 71 32 106 26 1 30 136 1 1 23 38 67 1 98 1 1 1 30 11 1 46 1 14 8 1 39 1 26 110 1 1 8 15 6 18 12 1 1 83 102 22 8518973.883492306 8.242474767083304E7 7.694543528181492 0.0033293962304854494 0.0 
15 53 1 1 1 1 80 1 14 10 36 21 1 73 5 104 1 1 15 1 1 56 1 12 14 16 1 1 7 26 34 30 123 23 42 1 157 105 34 57 84 7 1 49 1 27 99 1 1 110 1 72 68 4 47 21 100 129 62 1 12 173 1 28 3 7 34 105 1 1 29 49 35 125 1 6 20 1 2 1 1 8225483.075260437 8.760361503531317E7 8.382631643318302 0.0028980344888672035 0.0 
41 61 26 65 92 3 1 12 1 13 53 28 1 48 67 108 16 1 28 43 104 21 9 1 23 1 13 162 20 1 28 1 1 69 1 91 12 29 118 15 69 100 7 1 28 1 86 1 1 27 24 15 143 1 13 117 4 71 1 18 94 84 6 1 47 22 11 1 112 13 1 1 26 23 1 12 49 1 1 24 26 7622898.912750656 8.605820712144996E7 8.711466407157369 0.0037379584079275533 0.0 
34 1 35 26 1 14 290 1 1 2 1 51 97 34 80 23 1 1 1 48 17 26 24 21 1 108 54 13 10 21 1 53 22 46 1 21 7 54 27 31 48 73 163 1 45 44 143 5 31 87 1 201 117 74 20 1 15 2 1 1 23 4 1 56 1 12 52 7 22 1 14 34 1 1 20 1 7 9 1 19 17 7748875.224645166 6.743911302919997E7 9.194546081236991 0.0034751694187706993 0.0 
24 175 1 34 138 29 48 31 10 1 26 70 17 73 11 11 1 15 57 1 81 27 19 2 52 22 1 26 34 21 45 79 10 1 1 36 1 54 27 1 1 47 1 40 1 158 11 91 1 47 1 24 11 108 13 1 37 22 47 7 1 4 6 1 1 117 1 99 198 12 14 50 1 1 18 1 1 9 20 37 71 8285672.736520511 1.2006562181060258E8 8.114652331489085 0.0033379757700678233 0.0 
8 25 38 50 1 1 24 86 148 31 28 74 1 1 1 1 76 51 33 32 1 22 23 1 18 49 1 33 37 1 92 107 143 1 1 84 1 40 1 93 43 50 66 21 6 1 1 12 44 51 55 51 1 1 2 104 1 15 1 1 93 17 1 1 39 71 116 28 1 1 1 43 1 116 31 1 1 1 1 87 38 7604931.279350122 4.5244927939787716E7 301.18621028813004 25.309860745668338 0.0 
1 11 1 11 1 1 155 14 17 42 1 1 1 147 1 1 1 31 151 36 1 1 1 68 82 139 1 74 17 5 36 58 61 1 1 86 1 87 26 31 1 16 91 1 1 25 27 78 80 1 136 1 1 1 4 50 12 8 87 1 79 167 49 1 1 1 191 1 1 2 1 55 49 1 1 8 23 1 17 1 1 8104508.58158484 6.54282704282673E7 8.692317187200317 0.003074724421828474 0.0 
1 1 1 28 16 31 1 1 53 89 1 22 57 27 89 75 17 9 1 22 15 1 16 1 52 1 47 1 17 359 21 29 1 167 1 1 9 32 1 1 34 48 1 63 144 2 27 43 1 12 31 1 30 49 42 59 23 42 1 1 1 1 250 8 38 10 24 1 28 45 1 1 4 103 2 1 1 1 19 113 20 7867786.731042302 6.905800430750193E7 8.685901555738543 0.0030146613514631724 0.0 
45 1 16 1 1 64 8 35 1 15 1 15 1 12 97 58 72 45 1 55 59 1 1 1 1 1 1 1 1 121 23 1 1 23 195 1 43 54 99 54 64 48 95 1 1 100 43 48 77 29 75 44 1 14 23 4 17 141 10 15 1 1 11 25 9 45 345 1 19 1 1 1 12 1 1 74 1 1 1 61 1 8313198.822576642 6.6203767364341415E7 10.353790103563046 0.002854298595874587 0.0 
1 39 1 1 85 1 26 16 39 1 6 34 1 1 22 19 1 41 34 36 29 1 10 1 93 1 1 47 1 17 366 81 1 12 37 1 2 3 46 50 31 159 111 1 7 2 1 16 55 1 21 20 4 68 36 53 57 1 1 1 48 130 83 7 196 1 7 37 49 1 1 1 52 39 82 1 1 28 1 1 45 7123117.660316008 5.1783555229581594E7 163.19713637019578 25.09638294744403 0.0 
56 1 1 1 62 9 1 7 68 30 40 89 38 12 1 1 72 1 1 18 15 48 1 1 1 1 174 31 16 240 33 85 43 1 5 48 1 40 84 7 17 14 43 68 21 1 1 35 7 1 23 53 1 30 84 79 48 9 1 1 7 48 1 1 3 1 30 248 100 17 1 1 36 5 1 11 54 16 98 24 5 7678665.904330188 4.915893273423037E7 9.739010228493486 0.0031647820850552923 0.0 
132 35 9 1 1 11 37 39 1 1 4 77 35 1 24 181 3 51 28 1 77 1 48 55 65 59 1 1 1 74 2 1 1 1 1 7 15 33 1 9 146 10 1 17 6 87 5 40 119 9 40 1 19 1 5 55 25 1 48 1 138 45 111 1 1 106 69 1 61 75 20 10 48 1 1 77 1 1 78 24 1 7584924.533311759 4.532708152233008E7 9.900659663524953 0.0036423649421475426 0.0 
71 1 4 1 1 10 29 22 12 6 25 1 1 24 1 71 45 114 144 1 2 32 2 1 206 135 1 4 38 14 64 1 47 67 1 36 1 92 1 21 1 88 251 1 11 1 1 1 187 1 41 27 30 29 25 1 1 60 96 1 69 100 36 1 8 1 40 1 39 29 1 9 30 34 1 1 1 1 15 35 1 8013066.386557776 6.5594651144504555E7 9.282209075114746 0.0029541362368307334 0.0 
1 10 1 20 46 27 20 31 12 1 33 30 1 60 26 93 62 1 1 22 1 70 1 11 1 37 1 21 39 1 31 12 59 1 115 1 1 195 31 91 77 25 29 1 1 1 51 18 38 85 15 81 113 1 22 65 23 129 21 10 166 1 44 62 1 73 1 31 1 1 67 44 20 66 1 1 25 1 3 4 31 8398899.361873396 6.766698399675784E7 9.256329259309998 0.0029590367028320295 0.0 
13 1 106 1 29 193 1 4 27 35 1 44 19 76 13 9 34 39 1 47 8 1 131 1 10 13 24 1 26 10 1 1 1 280 30 1 1 45 123 31 1 134 12 3 70 1 68 1 58 32 7 8 1 100 28 25 1 15 101 1 1 63 1 1 39 49 3 1 1 1 1 1 64 1 4 1 164 1 19 1 113 8100714.085853182 9.995174292879689E7 7.6496319528163585 0.003591244627306836 0.0 
24 1 61 190 49 54 36 29 29 1 122 56 15 19 70 187 106 1 34 54 5 1 49 48 33 1 1 17 1 147 1 104 1 78 1 1 20 95 1 56 4 1 1 23 55 1 23 1 23 1 1 44 1 8 88 8 26 21 1 15 41 109 1 1 26 1 35 62 8 79 14 1 1 1 1 22 10 66 8 1 48 8603711.110415734 1.433378458376651E8 8.510934933787937 0.002726655357472622 0.0 
170 1 1 13 29 1 1 1 1 11 1 63 12 13 1 168 1 1 36 1 1 1 38 50 26 1 75 16 40 6 1 11 93 1 197 89 1 1 25 24 19 60 1 65 1 6 35 9 1 1 106 1 1 1 14 41 71 1 96 115 1 80 49 1 22 1 256 37 1 87 1 1 9 58 1 8 57 1 91 6 7 7940349.934890796 6.666468849418432E7 8.62080286193596 0.00364721794432623 0.0 
1 1 1 17 1 96 111 7 1 34 1 7 1 58 1 1 65 91 45 147 58 39 1 164 117 97 1 1 104 16 52 1 31 1 1 12 1 24 58 1 100 1 1 1 1 1 34 24 1 1 87 17 72 8 1 71 3 68 1 9 124 47 43 21 81 1 1 49 22 3 13 1 20 1 1 69 48 1 115 27 1 7598912.530351093 6.3454675974663936E7 9.998731158097991 0.0033826720521524015 0.0 
48 62 5 81 1 1 83 1 59 1 1 25 1 57 75 1 1 12 1 1 1 24 9 22 1 39 1 77 24 1 125 1 33 143 12 6 1 1 1 1 1 6 29 18 106 17 147 1 33 55 1 53 6 1 8 1 13 34 16 12 18 69 1 13 1 18 78 84 133 1 1 263 71 33 42 1 115 26 1 1 30 8518205.016961921 1.5048700115374964E8 7.775112000472532 0.0033706320240191293 0.0 
104 1 39 4 73 8 3 1 25 20 72 1 53 1 1 63 82 111 30 73 82 51 14 43 17 1 1 1 55 55 179 6 1 56 39 1 1 58 1 29 1 3 1 71 1 40 3 12 123 4 1 29 1 55 1 59 29 1 166 19 39 5 1 1 39 20 107 41 9 20 1 1 9 124 1 1 1 26 29 84 14 7284024.640231275 5.963490705998276E7 9.157951844978637 0.003680218843402539 0.0 
45 1 33 14 1 23 9 37 20 1 104 40 1 26 1 20 82 93 1 20 65 1 22 58 1 3 1 46 23 1 145 1 12 35 90 1 1 1 106 1 31 109 35 171 138 23 38 12 12 1 32 1 16 48 76 52 73 1 1 1 99 1 100 34 1 86 1 105 1 1 1 1 4 45 1 82 1 1 1 20 16 7284263.805694331 6.910732637483637E7 9.6745565819424 0.0036370989880618815 0.0 
79 5 75 20 7 55 1 1 4 1 22 18 11 22 1 35 1 6 1 170 1 1 21 1 1 1 1 1 1 175 94 1 1 1 20 1 1 1 1 22 1 48 8 1 8 1 47 1 11 58 1 34 224 1 56 57 58 109 1 35 1 1 153 1 1 1 126 40 94 1 1 57 117 1 61 164 68 1 44 64 1 8845091.273661368 1.0855218548077926E8 8.735348141967153 0.002641884050433964 0.0 
11 1 1 23 1 21 1 14 85 1 1 15 1 16 1 11 33 29 74 20 1 45 1 44 18 144 16 19 1 1 102 1 96 1 1 83 38 18 1 1 65 98 172 87 172 24 96 69 1 157 1 1 89 1 72 1 17 1 46 1 1 6 1 1 21 1 171 26 91 18 25 15 13 1 1 1 8 1 1 149 1 8722713.298914235 1.3105312059406291E8 9.034430682432154 0.0025276314711269324 0.0 
82 1 4 1 1 34 1 23 28 46 29 1 166 1 7 1 126 1 8 92 1 41 1 1 1 32 96 16 1 1 13 22 3 47 63 17 71 1 1 1 1 77 236 14 1 326 27 77 1 119 77 1 1 30 1 1 39 15 1 23 33 42 1 1 171 15 1 69 9 4 1 1 1 8 14 68 5 9 61 4 2 8535695.895576626 9.623122527937254E7 8.121395227970517 0.0030584061796011465 0.0 
1 9 1 29 7 25 111 15 1 17 3 72 1 6 1 39 78 6 125 1 99 36 4 62 1 1 1 6 152 1 65 1 54 33 33 1 1 93 1 17 68 115 1 1 1 170 105 18 200 40 17 35 50 1 67 5 26 1 25 58 1 8 1 1 30 8 30 64 1 43 1 1 38 10 1 30 68 1 83 13 20 8123135.516479572 5.087424296730028E7 9.399613455439978 0.003422652360821198 0.0 
1 1 36 1 1 1 1 1 116 1 1 25 1 39 1 9 20 38 24 1 43 37 1 203 1 1 13 40 33 12 87 1 20 193 16 101 1 90 138 1 17 1 23 1 23 1 17 14 113 1 112 5 146 1 70 124 19 1 1 23 10 56 1 13 9 1 1 1 22 25 119 163 1 1 26 63 56 1 52 1 7 8431390.661189321 9.925790347790693E7 9.623961663976065 0.002797818146005807 0.0 
5 1 12 1 167 1 82 100 9 52 1 96 1 24 1 11 1 18 1 10 102 25 91 1 79 64 2 1 1 63 82 1 10 1 1 14 14 55 85 1 1 46 14 257 180 125 78 85 1 34 31 14 1 1 66 1 98 27 14 25 1 1 11 3 1 40 1 1 32 1 1 5 1 40 45 1 54 1 1 1 16 8813007.672744587 1.424878433830906E8 8.708303222698223 0.0024132133654649847 0.0 
58 1 1 8 131 28 1 1 36 37 1 1 1 42 180 1 1 89 1 22 1 1 34 75 70 20 21 24 10 20 1 14 1 1 1 34 58 123 1 1 196 4 41 1 96 6 1 41 11 1 91 1 40 143 44 1 45 65 167 3 65 1 1 1 1 63 1 17 90 1 5 59 30 1 27 40 1 56 1 1 17 7980384.7325334335 5.3024669681902945E7 9.468869743425735 0.0034213322605717716 0.0 
10 89 1 128 10 70 90 6 19 1 6 1 31 21 69 5 1 27 17 1 39 4 51 1 1 20 3 1 10 121 131 1 8 11 22 1 37 1 1 162 122 1 74 67 111 1 214 62 30 14 1 76 1 4 1 14 1 47 25 11 4 89 26 7 9 144 1 58 1 1 84 22 38 1 14 1 27 3 1 10 1 8083053.632941841 6.305119503794595E7 8.70526645743434 0.0032370404680821434 0.0 
1 22 37 12 13 18 1 1 37 48 1 1 36 6 106 6 57 71 18 14 23 3 31 1 1 1 1 34 61 1 247 1 68 108 311 1 63 1 51 9 34 94 9 1 1 1 1 1 54 199 1 1 1 5 1 27 84 29 1 48 51 1 181 4 35 23 11 43 25 90 1 1 1 29 1 1 16 39 40 13 1 7766521.318638207 7.036579926388624E7 9.133875847962198 0.0033434459992540922 0.0 
1 1 60 3 1 1 49 19 99 1 25 1 51 1 2 1 1 139 1 87 56 15 34 111 1 1 36 1 1 190 103 47 1 69 132 1 35 47 1 1 1 125 28 147 70 1 32 1 30 3 8 40 108 1 41 33 1 1 26 22 20 1 1 1 1 82 1 21 81 33 1 1 40 1 1 1 37 1 92 101 23 7559793.54456642 6.90667379945457E7 11.029268100374864 0.0033553730981686672 0.0 
11 1 207 26 1 1 1 7 4 39 9 2 17 58 43 1 88 6 33 1 1 13 32 1 8 34 76 60 1 16 18 63 1 68 1 21 86 1 206 1 1 13 73 3 107 1 1 61 20 1 1 111 144 1 76 7 1 123 1 19 1 37 52 1 4 1 148 1 119 4 1 14 59 1 1 31 76 1 1 1 52 8495480.373715634 8.05695542474101E7 8.213643190429 0.003242179900065042 0.0 
126 1 12 2 1 17 60 1 17 40 133 4 40 62 58 50 6 13 5 3 27 8 10 38 5 17 1 100 1 22 64 10 8 1 238 37 17 35 40 33 5 1 5 54 19 21 74 18 1 59 26 23 1 1 1 60 1 1 1 1 112 47 202 25 1 1 7 83 19 2 1 1 13 44 1 20 58 5 1 182 34 9120796.904423669 1.2265372932755265E8 7.209298191775664 0.0032375729055640822 0.0 
135 78 1 10 19 1 1 25 1 2 1 133 17 30 101 124 11 1 107 1 77 1 1 71 1 42 1 1 1 138 1 1 113 1 125 12 1 1 22 1 17 52 25 6 51 1 1 1 34 1 1 1 13 28 19 44 64 15 27 200 28 136 58 10 20 1 97 117 1 52 1 1 1 1 13 32 59 1 48 1 1 8558429.060505675 8.299057410513496E7 8.663547687248194 0.0027402156337849514 0.0 
43 35 1 1 27 124 1 1 61 1 1 50 1 27 57 1 11 7 1 1 1 13 184 34 1 1 12 1 15 1 73 41 1 68 144 49 86 15 1 1 27 90 1 17 95 141 43 1 64 49 42 25 56 1 65 10 5 7 1 1 29 1 10 1 142 96 83 1 96 1 16 1 1 48 1 1 24 1 1 1 113 8188265.250116138 6.652035933290307E7 10.075163748869947 0.0028986422997714814 0.0 
25 1 4 55 1 7 1 53 1 73 6 1 47 4 7 1 105 1 1 77 115 48 9 1 18 48 1 1 24 1 5 1 5 76 55 16 26 86 166 1 54 7 213 1 1 256 25 141 8 19 77 1 1 95 1 1 1 44 7 1 84 1 1 1 29 6 1 93 1 1 31 33 1 1 8 188 1 8 59 1 2 7968076.889840238 6.37311867105282E7 8.958482624978318 0.003177293129189062 0.0 
119 65 1 1 56 1 1 7 27 3 1 1 1 35 21 1 71 1 17 1 4 1 1 1 133 1 1 6 31 1 94 1 43 1 5 1 23 125 132 1 26 1 114 113 21 6 1 76 1 1 128 7 1 35 120 111 76 1 60 1 1 1 99 2 30 51 31 322 10 1 15 1 25 1 1 9 45 1 1 24 11 8006975.101145895 6.912698392931494E7 8.5659503692862 0.002969762569607475 0.0 
8 26 58 13 39 5 1 1 1 42 1 353 9 1 47 80 1 3 113 119 44 39 31 133 2 87 111 1 1 1 1 40 162 39 77 25 1 58 1 18 1 22 1 1 49 1 1 1 66 1 1 1 47 1 1 37 62 15 78 1 80 1 27 8 9 56 97 111 1 1 45 1 24 1 11 1 52 1 1 1 1 8140750.951719013 8.620917188889892E7 9.320868308152484 0.0028832876772399963 0.0 
1 8 78 1 1 51 1 1 66 52 1 102 91 81 15 7 89 6 40 1 37 1 1 103 14 35 17 6 19 30 1 1 1 1 9 30 1 1 1 48 78 5 131 53 174 1 4 1 1 143 1 86 1 1 7 1 10 150 1 57 1 25 1 62 21 1 78 1 2 103 1 17 1 154 30 7 1 49 89 1 25 7642694.052722885 6.150160501106497E7 9.648914965534608 0.0032647143851282537 0.0 
1 1 26 1 26 1 65 93 1 84 8 1 112 160 1 1 1 34 1 60 19 38 117 8 1 3 1 1 1 1 1 1 1 202 1 1 40 18 90 63 41 137 3 30 3 1 1 1 1 63 1 1 96 24 46 44 263 127 1 10 51 1 58 25 29 77 1 1 46 12 1 1 25 1 1 30 1 13 98 1 20 7514219.572568815 4.943030849202194E7 8.840177620854082 0.0035856085152740883 0.0 
1 143 1 1 8 1 93 1 1 1 11 36 82 1 10 7 1 40 67 18 34 34 1 83 59 55 45 54 55 98 24 5 103 75 1 25 1 26 80 4 44 1 72 6 1 1 1 1 1 1 1 87 1 25 44 34 124 20 1 1 98 7 1 5 1 63 27 1 69 35 27 53 28 1 54 50 118 15 13 30 69 7506626.8448189 4.599437189529843E7 171.25953635217988 26.500971301629164 0.0 
8 84 2 39 1 5 30 5 21 80 56 10 57 1 36 33 129 2 1 1 1 58 1 44 1 1 1 1 40 1 94 41 29 22 1 127 1 148 8 1 106 20 102 1 1 58 1 15 216 61 18 33 167 135 1 1 54 1 1 1 39 1 25 1 28 1 1 34 9 1 148 7 1 6 6 76 22 43 13 1 1 7503474.500523436 6.278582739968563E7 8.922838356814804 0.003806041971584304 0.0 
#
